2.7066 3.4127 2.4320
2.0006 2.6282 2.8243
2.9028 2.9812 3.0597
3.2558 3.5696 3.3735
3.7658 3.8442 3.8442
4.0403 4.0011 4.3934
4.4326 4.4718 4.5111
4.7464 4.7464 4.6287
5.4133 5.2956 5.2564
5.5702 5.6486 5.7663
5.3740 5.8448 6.0017
6.1978 6.1193 6.1586
6.1586 6.1978 6.1586
6.1586 5.8055 5.8055
6.1586 6.2370 5.8448
5.6486 5.7663 5.8055
5.7663 5.6094 5.5310
5.4525 5.4917 5.2564
5.4133 5.4133 5.4133
5.2956 5.2564 5.2171
5.1779 5.2564 5.3348
5.1779 5.2956 5.1779
5.2564 5.3348 5.0995
5.0602 5.3348 5.4133
5.2171 5.2564 5.1779
4.9426 5.2171 5.0995
5.1387 5.0210 4.7072
4.7072 4.7072 4.3542
4.5503 4.5895 4.4326
4.5111 4.0011 3.8442
3.7658 3.6481 3.6088
3.5304 3.4127 3.2950
2.5497 2.5497 2.4320
2.0398 2.0398 1.7260
2.8243 1.8044 1.4122
1.1376 1.1376 1.0199
1.0591 1.0199 0.7453
0.9414 -0.0000 0.0392
-0.3530 -0.1569 0.0392
-0.5884 -0.5492 -0.4315
-1.6475 -1.5691 -1.6083
-2.0398 -2.0006 -2.1575
-2.1182 -2.3928 -2.7066
-3.0989 -3.0989 -3.3735
-3.0989 -3.2558 -3.4127
-3.6088 -4.4326 -4.4326
-4.5111 -4.4326 -4.5895
-4.5503 -4.7856 -4.7464
-5.2171 -5.4525 -5.2956
-5.5702 -5.6879 -5.7271
-5.6879 -5.8448 -7.0608
-7.1785 -7.1392 -7.0608
-7.0216 -6.9823 -6.9039
-7.1392 -7.6492 -7.6100
-7.8845 -7.6100 -7.7669
-7.8845 -7.8061 -7.6884
-7.7276 -8.0415 -8.1199
-8.0415 -7.9238 -7.8845
-7.8453 -7.6884 -7.4138
-7.5315 -7.4138 -7.3746
-7.4923 -7.6884 -7.6100
-7.5707 -7.7276 -7.8061
-7.7276 -7.7276 -7.6492
-7.6100 -7.3354 -7.4531
-7.7276 -7.9238 -7.7669
-7.6884 -7.6884 -7.6492
-7.5315 -7.6100 -7.4531
-7.4923 -7.4531 -7.4923
-7.4531 -7.4923 -7.4923
-7.3354 -7.4531 -7.4923
-7.3354 -7.5315 -7.5315
-7.3746 -7.5315 -7.4923
-7.1000 -7.2961 -7.1785
-7.0608 -7.2961 -7.2961
-7.2961 -7.2569 -6.7470
-6.7470 -6.7077 -6.6685
-6.5901 -6.5508 -6.5901
-6.5901 -5.8055 -5.6879
-5.7663 -5.4917 -5.5702
-5.2171 -5.0210 -5.1779
-4.6680 -4.4718 -4.5111
-4.3542 -4.0796 -3.8050
-3.6481 -3.4127 -3.2558
-3.0989 -3.0204 -2.9812
-2.6674 -2.7066 -2.5890
-2.3144 -1.9613 -1.6867
-1.4122 -1.2945 -1.2160
-1.2553 -1.0591 -1.2160
-0.4315 -0.2746 -0.2354
-0.2354 -0.0000 0.1569
0.1177 0.5884 1.0591
1.2945 1.4122 1.6475
1.4906 1.4514 1.5298
1.8044 1.9613 2.3144
2.1967 2.2751 2.0790
2.1967 2.0790 2.2359
2.4320 2.5890 2.6674
2.5497 2.4713 2.7851
2.7066 2.4320 2.3144
2.3928 2.2359 2.2359
2.2751 2.0398 2.0790
2.0790 2.0790 2.0398
1.9613 2.1182 2.0790
2.0790 2.0006 1.9221
1.8044 1.8829 1.8437
1.7260 1.8044 1.4514
1.9221 1.8829 1.7260
1.5691 1.4906 1.5298
1.7260 1.7652 1.4906
1.6083 1.4906 1.3729
1.6083 1.4906 1.4122
1.3337 1.4122 1.4122
1.3729 1.5298 1.4122
1.4122 1.5298 1.5298
1.4122 1.3337 1.2553
1.2160 1.1768 1.1768
1.4122 1.3337 1.1768
1.2160 1.1376 1.2945
1.2945 1.2553 1.4122
1.2160 1.2160 1.4514
1.4514 1.4122 1.3729
1.3729 1.4906 1.4906
1.5691 1.4514 1.2945
1.3729 1.3729 1.3729
1.4122 1.3729 1.2160
1.2160 1.2945 1.3729
1.3729 1.5691 1.3337
1.3729 1.2160 1.4906
1.0591 1.0199 1.2160
0.9022 1.1768 0.9022
1.2160 1.0983 1.0983
1.0983 1.0199 1.0591
0.9022 0.9414 1.1376
0.9022 0.9807 1.0591
0.8630 0.9022 0.7845
0.8630 0.8238 0.9414
0.9807 1.0591 1.0199
1.0591 1.1768 0.9414
0.8630 1.0983 0.8630
0.8238 1.1376 1.0199
1.0199 1.2945 1.4122
1.1768 1.2945 1.1376
1.1768 1.1376 1.0983
1.0199 0.8238 0.9022
0.6669 0.6276 0.6276
0.5492 0.5492 0.5099
0.7453 0.3530 0.3530
0.6276 0.4707 0.2354
0.2354 0.0392 0.1961
-0.0785 -0.0785 0.0392
-0.0785 -0.2354 -0.2746
-0.0392 -0.0785 -0.1961
-0.0785 -0.3530 -0.3138
-0.4707 -0.3923 -0.5099
-0.8238 -0.5099 -0.5884
-0.6276 -0.5492 -0.6276
-2.3144 -0.8630 -0.5099
-0.4315 -0.5884 -0.6276
-0.5099 -0.5099 -0.6276
-0.6276 -0.6276 -0.5099
-0.5492 -0.3138 -0.2746
-0.3923 -0.5099 -0.5492
-0.6276 -0.6276 -0.7453
-0.7061 -0.9022 -0.7845
-0.6669 -0.8630 -0.7453
-0.7845 -0.7061 -0.5884
-0.5099 -0.7061 -0.6669
-0.9807 -0.8238 -0.9022
-0.9414 -0.9807 -1.0591
-0.9807 -1.0983 -0.8238
-1.0591 -0.9414 -0.9022
-0.8238 -0.9414 -0.8630
-0.9807 -0.9414 -0.7061
-0.9807 -1.0983 -0.9807
-0.9022 -1.1376 -1.0591
-0.8630 -1.0199 -0.8238
-0.9807 -0.8630 -0.6669
-0.7845 -0.9022 -0.9807
-0.9414 -0.8630 -1.2553
-1.0199 -1.2945 -1.0591
-1.1768 -1.2553 -1.1376
-0.8630 -0.8238 -0.7453
-0.8630 -0.6669 -0.9022
-0.6669 -0.7061 -0.6669
-0.6669 -0.9807 -0.6669
-1.5691 -0.9414 -1.0199
-1.0591 -0.6669 -0.5884
-0.6276 -0.5492 -0.3923
-0.3138 -0.2354 -0.2746
-0.3923 -0.3138 -0.1961
-0.1961 -0.3530 -0.4315
-0.5099 -0.5099 -0.4707
-0.9807 -1.1768 -1.3337
-1.1768 -1.0983 -0.9022
-0.8630 -0.9414 -0.5492
-0.3138 -0.6669 -0.5492
-0.3138 -0.4707 -0.6669
-0.0392 -0.0000 -0.1177
-0.2746 -0.3923 -0.1177
-0.0785 -0.2354 -0.0392
-0.1569 -0.1961 -0.0785
-0.1569 -0.1177 -0.1177
-0.1177 -0.2746 -0.0392
-0.0392 -0.2354 -0.1961
-0.1569 -0.4315 -0.5492
0.1961 0.1569 0.1569
0.1177 0.1961 0.2354
0.0785 0.0392 0.1569
-0.0392 -0.1961 -0.0785
-0.1177 -0.2746 -0.2746
-0.1961 -0.1961 -0.0000
0.2354 0.2354 0.2354
0.2746 0.1961 0.1961
0.3923 0.1177 0.1177
-0.0000 0.0785 0.1569
0.2746 0.2746 0.2746
0.3530 0.2746 0.1961
0.1177 0.1961 0.1961
0.1177 0.2354 0.0785
-0.0000 0.1961 0.1177
0.1177 -0.1177 0.0392
-0.0785 -0.4707 -0.3530
-0.5099 -0.5492 -0.4707
-0.6276 -0.3530 -0.2354
-0.2746 -0.3138 -0.3138
-0.5099 -0.6276 -0.6669
-0.5884 -0.8238 -0.9414
-0.9807 -1.0983 -1.0199
-0.7845 -0.5884 -0.4707
-0.3530 -1.0983 -1.2160
-1.1768 -1.4906 -1.2160
-1.5298 -1.7652 -1.9221
-1.4514 -1.3729 -1.2553
-1.4122 -1.3337 -1.4514
-1.4906 -1.5298 -1.4122
-1.2553 -1.0983 -1.3729
-1.4122 -1.4122 -1.0591
-1.1376 -1.0199 -1.3337
-0.9807 -1.4122 -1.2553
-1.5298 -1.2945 -1.4906
-1.4122 -1.3729 -1.2553
-1.4906 -1.2945 -1.2553
-1.5298 -1.6475 -1.8437
-1.8437 -2.1967 -2.0398
-2.0006 -1.7652 -1.6867
-1.7652 -2.3928 -1.5298
-1.1376 -1.5691 -1.6475
-1.9613 -1.8829 -1.7260
-1.2553 -1.6867 -1.4514
-1.6475 -1.7260 -1.7652
-1.9613 -1.8044 -1.6083
-1.5691 -1.6475 -1.6083
-1.6083 -1.6083 -1.5691
-1.5691 -1.4514 -1.3729
-1.3337 -1.2945 -1.1768
-1.1768 -1.0199 -1.1768
-1.2945 -1.5298 -1.4122
-1.3337 -1.1768 -0.9022
-2.0006 -1.1376 -1.4122
-1.1768 -1.4514 -1.5298
-1.4906 -1.6475 -1.5298
-1.4906 -1.4906 -1.3337
-1.3337 -1.2945 -1.2160
-1.2160 -1.2160 -1.2553
-1.4122 -1.4514 -1.4514
-1.1376 -1.1768 -1.2160
-1.2553 -1.2945 -0.9807
-1.0199 -1.0591 -0.8630
-0.6669 -0.6669 -0.7845
-0.6276 -0.6669 -0.6669
-0.7061 -0.7453 -0.8630
-0.7453 -0.6276 -0.6276
-0.5099 -0.5492 -0.5884
-0.6276 -0.3923 -0.4707
-0.4315 -0.4707 -0.3923
-0.2354 -0.3530 -0.3138
-0.2354 -0.3138 -0.1177
-0.2746 -0.0392 -0.1569
-0.0785 -0.0000 -0.3530
-0.1177 -0.2746 -0.4315
-0.0785 -0.4315 -0.1177
-0.1569 -0.5099 -0.8238
-0.5884 -0.3530 -0.5099
-0.3530 -0.5099 -0.3923
-0.4315 -0.3923 -0.2746
-0.4707 -0.0000 0.0392
0.2354 0.1177 -0.0000
0.2354 0.2354 0.1569
0.5099 0.7061 0.5884
0.7061 0.7061 0.4707
0.3923 1.0591 0.5492
0.6276 0.5099 0.7845
0.6276 0.6276 0.5492
0.6276 0.9022 0.9414
0.8238 1.0199 0.8630
0.9807 1.0983 1.4122
0.8238 0.8630 0.8630
0.6669 0.6669 0.7061
0.4315 0.7845 0.6669
0.7061 0.6669 0.5884
0.4707 0.4707 0.4315
0.1177 0.4707 0.4707
0.5492 0.9022 0.5492
0.4315 0.8238 0.7845
0.7061 0.4707 0.5099
0.7061 0.7061 0.5492
0.7453 0.5884 0.3530
0.1569 0.4315 0.3138
0.3923 0.1961 0.3530
0.1569 -0.0785 -0.0392
-0.2354 -0.0000 0.0392
-0.0000 -0.0000 0.0785
-0.2746 -0.2354 -0.0392
-0.5099 -0.7061 -0.4707
-0.4315 -0.4707 -0.0000
-0.1961 -0.1961 -0.1569
-0.3138 -0.2746 -0.1177
-0.1177 -0.4315 -0.4707
-0.5492 -0.5492 -0.7061
-0.7061 -0.6276 -0.9022
-0.4707 -0.3923 -0.6669
-0.4315 -0.5099 -0.6276
-0.6669 -0.7061 -1.2160
-1.0591 -0.9022 -0.8630
-0.5492 -0.7845 -0.7061
-0.7845 -1.1376 -0.9022
-1.1376 -0.8630 -1.0983
-0.9807 -0.5492 -0.8238
-0.9414 -1.0983 -1.2160
-0.9807 -1.0591 -0.9807
-1.2945 -1.0983 -1.2945
-1.4906 -1.6083 -1.9221
-1.6083 -1.8437 -2.0790
-1.8829 -2.1182 -1.8437
-2.0006 -1.8044 -1.9221
-1.6475 -1.7260 -1.1376
-1.5298 -1.4514 -1.6083
-1.4514 -1.3729 -1.6083
-1.4906 -1.6083 -1.4514
-1.4122 -1.3337 -1.4122
-1.2945 -1.3337 -1.3729
-1.2160 -1.4122 -1.4514
-1.2945 -1.2945 -1.4122
-1.2945 -1.1768 -1.2945
-0.8238 -0.9414 -0.8630
-0.8238 -0.7061 -0.7845
-0.9022 -0.8630 -1.1376
-1.2945 -1.0983 -1.1768
-1.3729 -1.2160 -1.1768
-1.2553 -1.1768 -1.1376
-1.0983 -0.7845 -1.0983
-0.9807 -1.0591 -1.1768
-1.1376 -1.2945 -1.3337
-1.2553 -1.4122 -1.2945
-1.0983 -1.2553 -1.1768
-1.4514 -1.2553 -1.4122
-1.4122 -1.0983 -1.2945
-1.3337 -0.9022 -0.9022
-0.8630 -1.0983 -1.4122
-1.0591 -1.2553 -1.3337
-1.3337 -1.1376 -1.5691
-1.6867 -1.6475 -1.9221
-1.8829 -1.8044 -1.3337
-1.3337 -1.2945 -1.3337
-1.2945 -1.4122 -1.1768
-1.3729 -1.8044 -1.7652
-1.6475 -1.6867 -1.8044
-1.6475 -1.5691 -1.3729
-1.5298 -1.4514 -1.8829
-0.6669 -1.0983 -1.1768
-1.0591 -1.0591 -1.1768
-1.0199 -0.7061 -1.3337
-1.1768 -1.0199 -1.0591
-0.9022 -0.9022 -0.6669
-0.7453 -0.7453 -0.8238
-0.7845 -0.9022 -0.9022
-0.9414 -0.9022 -0.9807
-0.9414 -0.9022 -0.8630
-0.8630 -0.7453 -0.3530
-0.6276 -0.9022 -0.7061
-0.9807 -0.6669 -0.8630
-0.7061 -0.9414 -0.9022
-0.8630 -1.0983 -1.2160
-1.1376 -0.8630 -0.9807
-1.4906 -1.4122 -1.3337
-1.1376 -1.3337 -1.0983
-1.5298 -1.6475 -0.4707
-0.5099 -0.7453 -0.8238
-0.9022 -1.0199 -1.0591
-0.9414 -0.1177 -0.0392
-0.0392 0.1961 0.3923
0.4315 0.4315 0.5099
-0.1177 0.0392 0.2746
0.2354 0.2746 0.3530
0.4315 0.5884 0.2354
0.0785 -0.0000 0.0392
0.1961 -0.0392 0.1569
0.1177 -0.0392 -0.0392
-0.0000 0.0392 -0.1569
0.0785 0.2354 0.1569
0.1961 0.0392 0.1961
0.0392 -0.1177 0.0785
0.4707 0.1569 -0.0000
0.1177 0.2354 0.2746
0.5099 0.3138 0.6276
0.3138 0.3138 0.2746
0.1569 0.1177 -0.0785
0.1569 0.4315 0.1177
-0.0392 -0.2354 -0.2354
0.1569 -0.0000 -0.1961
-0.0392 0.0785 -0.0000
-0.0392 0.0392 0.0392
0.0392 0.1177 -0.0000
0.0392 -0.0392 -0.0785
-0.0392 -0.2746 -0.1961
-0.2746 -0.1961 -0.5099
0.1961 0.3138 0.0392
-0.2746 -0.1177 -0.1961
-0.0000 -0.1961 -0.0000
-0.3530 -0.6276 -0.5884
-0.5099 -0.5884 -0.6276
-0.7845 -0.5099 -0.7845
-0.8238 -0.7061 -0.5884
-0.4707 -0.4707 -0.5492
-1.2160 -1.2160 -0.9807
-0.7845 -1.1768 -1.0591
-0.9807 -0.6669 -0.9022
-1.2553 -1.0591 -1.0199
-1.1768 -1.1768 -1.2160
-1.0983 -0.4707 -0.7061
-0.7061 -0.8238 -0.7061
-0.6276 -0.5492 -0.7061
-0.4707 -0.3530 -0.4707
-0.3530 -0.3530 -0.3138
-0.3530 -0.3138 -0.5099
-0.4707 -0.4707 -0.4315
-0.5492 -0.5884 -0.5099
-0.2746 -0.1177 -0.1961
-0.2746 -0.3530 -0.0000
-0.2746 -0.3138 -0.4315
-0.7845 -0.5099 -0.6669
-0.7061 -0.5884 -0.7453
-0.5884 -0.4315 -0.1569
-0.1961 -0.0000 0.0392
-0.0785 -0.2354 -0.3530
-0.2354 -0.3923 -0.3530
-0.3923 -0.4315 -0.3923
0.0785 0.0785 -0.1569
-1.2160 -1.0983 -1.1768
-1.2553 -1.4906 -1.3729
-1.2945 -1.2553 -0.7453
-0.9022 -0.9807 -1.0591
-0.8238 -0.8238 -1.0199
-0.9807 0.0392 -0.0000
-0.1177 -0.0785 0.1569
-0.0392 -0.3138 -0.0392
-0.1961 -0.1569 -0.1961
-0.3923 -0.1569 -0.0392
0.0785 0.2746 0.1569
-0.1177 -0.1961 0.0785
-0.3138 -0.5099 -0.4315
-0.8630 -0.3530 -0.3138
-0.4707 -0.2746 -0.4315
-0.3138 -0.5099 -0.5099
-0.5884 -0.7453 -0.8238
-0.8630 -0.8238 -0.7061
-0.7453 -0.7061 -0.0785
-0.0785 0.0785 -0.0000
0.1961 0.3138 0.1177
0.0785 -0.1569 -0.1177
-0.0392 -0.0000 -0.1177
-0.1569 -0.3923 -0.0392
0.1177 0.1569 0.2354
0.0785 -0.0392 0.1961
0.1569 0.1177 -0.1961
-0.2746 -0.2354 -0.2746
0.1177 0.3530 0.3923
0.1569 -0.3138 -0.3138
-0.2354 -0.2354 -0.2354
-0.1961 -0.4315 -0.5492
-0.5099 -0.7453 -0.7453
-0.5884 -0.5099 -0.5884
-0.8630 -0.5099 -0.7845
-0.4707 -0.4707 -0.3923
-0.4315 -0.4707 -0.5884
-0.5884 -0.8238 -0.9807
-0.6276 -0.6276 -0.5884
-0.9022 -0.8238 -0.7061
-0.9807 -0.9022 -0.7845
-0.7453 -0.6669 -0.7845
-1.0591 -1.1376 -1.5691
-1.4514 -1.4906 -1.1768
-1.1768 -1.2553 -1.5298
-1.4514 -1.2945 -1.3729
-1.2160 -1.0591 -1.1768
-1.3729 -1.2945 -1.1376
-0.7453 -0.9807 -0.8238
-0.8238 -0.8238 -0.9414
-0.7061 -0.7453 -1.1768
-1.0199 -0.9414 -1.0591
-1.0591 -1.1376 -1.0591
-1.0591 -1.3337 -1.0199
-1.0983 -0.9414 -1.0983
-1.1376 -1.1768 -1.1376
-0.9807 -1.0591 -1.1376
-1.0591 -1.2160 -1.1376
-1.0199 -1.1768 -1.1768
-1.2160 -1.2160 -1.1768
-1.2945 -1.2160 -1.1768
-1.2160 -1.0983 -1.2553
-1.0983 -1.0983 -1.0591
-1.1376 -1.2160 -1.2160
-1.0591 -1.1376 -1.2553
-1.3729 -1.2553 -1.2945
-1.2553 -1.4122 -1.2945
-1.4122 -1.4122 -1.2553
-1.2553 -1.4514 -1.1768
-1.3729 -1.2945 -1.3337
-1.2160 -1.3729 -1.5298
-1.2945 -1.2945 -1.2160
-1.1376 -1.3337 -1.3729
-1.2553 -1.2160 -1.3337
-1.2160 -1.4122 -1.1376
-1.3337 -1.2160 -1.1376
-1.2553 -1.2553 -1.4122
-1.0983 -1.2553 -0.9807
-1.1376 -1.0983 -1.2160
-1.0983 -1.1768 -1.1376
-1.4514 -1.5298 -1.6867
-1.6083 -1.6867 -1.7260
-1.6475 -1.6867 -2.2751
-2.1967 -2.4320 -2.5105
-2.5890 -2.7459 -2.7066
-2.6282 1.1768 1.4906
1.7652 2.2359 1.6475
1.0591 0.3138 0.0392
1.7652 2.3144 2.1967
1.7652 1.5298 1.2160
0.9807 1.0199 1.8437
1.6083 1.4906 1.2160
1.2160 1.4514 1.6475
1.7652 0.8630 1.2160
1.2553 1.4514 1.2945
1.4122 1.3729 1.2160
1.6867 1.6867 1.6867
1.7652 1.8437 1.8437
1.8829 1.8044 1.9613
1.6867 1.7652 2.0006
1.9613 1.8829 2.0006
1.9221 1.4906 1.6475
1.6475 1.7260 1.7260
1.8437 1.6475 1.7652
1.8437 1.7652 1.8044
1.7652 1.6867 1.7260
1.8437 1.8437 1.5298
1.7260 1.5691 1.6083
1.8044 1.9613 2.0790
1.9613 1.6083 1.6475
1.7260 1.7652 1.8044
1.6867 1.8044 1.6475
1.5298 1.2160 1.5298
1.6083 1.6083 1.6083
1.1376 1.1768 1.3729
1.6867 1.6867 1.7652
1.7652 2.0398 2.1967
2.2359 1.2160 1.0591
0.9022 0.4707 -0.0000
0.4315 0.6276 0.7453
1.4122 1.4906 1.3729
1.2945 1.2160 0.9414
0.5492 0.3138 0.5099
0.7061 1.0591 1.2553
1.3337 1.6083 1.5298
1.8044 0.4707 0.2354
0.0392 -0.3530 -0.9414
-1.1768 -1.1768 -1.0591
1.4906 1.4514 1.2553
1.0591 1.1768 0.7845
0.8238 0.6276 -1.7260
-2.0006 -2.2751 -2.1967
-2.1575 -2.0006 -1.9221
-1.3729 -0.6669 -0.7061
-0.5099 -0.6276 -0.4707
-0.4707 -0.4707 -0.6276
-0.3138 -0.1177 0.0392
0.2746 0.3530 0.4707
0.3530 0.2354 -0.2354
-0.1569 0.0785 0.1569
0.1177 -0.0392 0.1961
0.2354 0.0785 0.0392
0.0785 0.0785 0.0785
-0.0000 0.1569 -0.0000
-0.0392 -0.1177 -0.0000
-0.0785 -0.0000 -0.0392
0.0785 0.0392 -0.2746
-0.1961 -0.3923 -0.1569
-0.0785 0.0785 0.1961
0.3138 -0.1177 -0.1177
-0.1961 -0.0392 0.0785
-0.0000 0.0392 -0.1569
-0.1961 -0.1569 -0.0392
-0.0000 0.0392 0.0392
-0.1177 -0.0000 -0.1569
-0.1961 -0.1177 -0.0392
-0.2746 -0.1177 -0.1177
-0.1569 0.3530 0.3530
0.3923 0.1177 0.1177
0.3138 0.2354 -0.0000
0.0392 -0.0392 -0.1177
-0.1569 -0.0000 -0.1177
-0.0785 0.0392 0.6669
0.5099 0.7061 0.5884
0.6669 0.5099 0.4315
0.4707 -0.3923 -0.1177
-0.0785 -0.1569 -0.0785
-0.0392 -0.0785 -0.1177
-1.6867 -1.7260 -1.6475
-1.2553 -0.7845 -0.3138
-0.1177 -0.0785 0.1177
0.3530 0.3138 -0.0000
-0.1961 -0.3530 -0.2746
-0.1961 -0.9807 -0.6669
-0.8238 -0.7453 -0.7845
-0.4315 -0.1177 0.3138
-0.7061 -0.8238 -0.5492
-0.3138 0.0392 -0.1177
-0.3530 -0.3923 0.2746
0.5099 0.6276 0.8238
0.8238 0.7453 0.5884
0.4707 -0.0392 0.1177
0.1961 0.1177 0.0392
-0.0392 -0.0392 0.1961
0.9414 0.9414 0.8630
0.8238 0.6669 0.9022
0.6669 0.8238 0.5884
0.5492 0.3530 0.5492
0.4707 0.3530 0.3923
0.5492 0.7061 0.7845
0.7845 0.8630 0.5099
0.5492 0.5099 0.3530
0.6276 0.6669 0.5884
0.4315 0.4707 0.3138
0.3530 0.5492 0.6276
0.2354 0.0392 0.0392
0.1961 -0.0000 -0.0000
0.2354 0.2354 0.1961
0.1961 0.4315 0.5492
0.5492 0.4315 0.3923
0.1569 0.0785 0.0785
0.2354 0.3923 0.3530
0.7845 0.7061 -0.0000
0.1569 0.1569 0.4315
0.4707 0.6276 0.4315
0.3923 0.1569 0.2746
0.2746 0.2354 0.0785
0.0392 0.0392 -0.1177
0.2354 0.1177 0.1569
0.1961 0.0785 -0.0392
-0.0000 0.0392 0.1177
-0.0000 -0.1177 -0.2354
-0.1961 -0.0785 -0.0785
0.0785 -0.0392 0.0785
-0.0000 -0.1177 0.0392
-0.0392 -0.0392 -0.1177
-0.1177 -0.1177 -0.2746
-0.0392 -0.1569 -0.2354
-0.2354 -0.0785 -0.0000
0.1177 0.2354 0.3138
0.1961 0.4315 0.2746
0.1569 -0.1569 -0.0000
-0.2354 -0.1177 0.1569
-0.0000 -0.0785 -0.1569
-0.6669 -0.7845 -0.6276
-1.0983 -1.6475 -2.0790
-2.3928 -2.4320 -0.2746
-0.0000 -0.0392 -0.1961
-0.3530 -0.0392 0.0392
-0.1177 -0.6669 -0.6276
-0.8238 -0.6276 -0.5099
-0.6669 -0.3138 -0.3530
0.3138 0.1569 0.0785
0.0392 0.2354 0.2354
0.4315 0.1961 0.3530
0.4707 0.7453 0.8630
0.6276 0.2354 0.3530
0.5884 0.1569 0.3530
0.3138 0.3530 0.5492
0.7453 0.8630 0.9414
0.7453 0.9414 0.9022
0.8630 2.4713 0.5884
0.4315 0.4315 0.6276
0.6276 0.8238 0.7061
0.6276 0.7453 0.7845
0.8238 0.5099 0.5099
0.5884 0.7061 0.5492
0.7061 0.8238 0.7845
0.9807 0.9022 0.8238
0.9414 0.7453 0.7453
0.6276 0.6276 0.9807
0.9807 0.8630 1.0199
1.2945 1.2945 1.2945
1.3729 1.3729 1.2945
1.4906 1.4906 1.7260
1.6083 1.7652 1.6475
1.5298 1.5691 1.6083
1.6867 1.5691 1.3729
1.2553 1.2553 1.2553
1.3729 1.4514 1.6083
1.6475 1.6867 1.6867
1.6083 1.2553 1.6083
1.7652 2.1967 2.0398
2.0006 1.6475 1.6475
2.4320 2.5497 2.4320
2.6282 2.2359 2.4713
2.5105 2.0006 -0.1961
0.2746 0.5884 0.7061
0.8630 1.0591 1.4122
1.4906 2.8243 2.9812
3.1774 2.5890 2.9420
3.2558 2.8243 2.7066
1.0199 1.1376 0.9022
0.8238 0.5884 0.5492
0.6276 0.5492 0.3138
0.1569 0.1569 0.2354
0.4315 0.2354 0.2354
0.1961 -0.1177 -0.3530
-0.8238 -0.9022 -1.0199
-0.5884 -0.3138 -0.0000
-1.2160 -1.0591 -0.9414
-0.9022 -0.5099 -0.5884
-0.8238 -1.1768 -2.4713
-2.2359 -1.8044 -1.2553
-1.1376 -1.0591 -0.9022
-0.8630 -1.0591 -1.0591
-1.2160 -1.2160 -1.8437
-1.2945 -0.9414 -0.7453
-0.6669 -0.2746 -0.1961
-0.1177 -0.1569 -0.1569
-0.0392 -0.6669 -1.2160
-1.3729 -1.3337 -1.0983
-0.4707 -0.1961 -0.0392
0.1177 -0.4315 -0.3138
-0.4315 -0.2746 -0.1177
0.1177 0.6276 0.7061
-0.9807 -1.1376 -0.9414
-0.8238 -0.9807 -1.2160
-1.4514 -1.2160 0.1961
0.2354 -0.0785 -0.3923
-0.4707 -0.7061 -0.6276
-0.5884 -0.5884 -0.5099
-0.2354 -0.3138 -0.3923
-0.4315 -0.6276 -0.5884
-1.0983 -1.1376 -0.8630
-0.7061 -0.1569 0.1177
0.2746 0.3530 -0.5884
-0.3530 -0.7061 -0.9414
-1.1768 -1.0591 -1.6475
-2.3536 -0.3530 -0.0392
0.2354 0.5884 0.7061
0.5099 0.4707 0.2354
-2.1182 -1.7652 -1.4906
-1.3337 -1.4122 -1.3337
-1.4906 -0.8630 0.1961
-0.0000 -0.0392 -0.3923
-0.8630 -0.6669 -0.4707
-0.2746 -0.1961 -0.0392
0.2746 0.3530 0.5492
0.5492 0.3138 0.1177
-0.7453 -0.7061 -0.1177
0.2746 0.8630 1.1376
0.8630 0.6276 0.3923
0.4707 0.5099 0.6276
0.1569 0.1177 0.1177
0.4315 1.0983 1.0983
1.2553 1.0199 0.9022
0.5492 0.2746 0.0392
0.4315 1.0983 1.0983
1.0199 0.9807 0.7845
0.4707 0.7453 0.6276
0.1961 -0.1961 -0.7061
-0.9807 -0.6669 -0.0392
0.0392 0.5884 0.1961
0.0392 0.0392 0.1961
0.3530 0.1961 0.2746
-0.2354 -0.3923 -0.2354
-0.4707 -0.1569 -0.2746
-0.3530 -0.1177 -0.1961
-0.1569 -0.3138 -0.3138
-0.0785 -0.2354 -0.2746
-0.0785 -0.5099 -0.5492
-0.4315 -0.5492 -0.9414
-0.6276 -0.0000 -0.2354
-0.1177 -0.0392 0.1961
0.5884 0.6669 0.5099
0.6276 0.3530 -0.7061
-0.7845 -0.5884 -0.6669
-0.3530 -0.2354 0.0785
0.0392 0.1961 -0.4707
-0.6669 -0.5884 -0.5884
-0.5099 -0.3923 -0.1569
2.5497 2.3536 1.6475
1.0983 0.7453 0.7845
0.4707 0.1569 -0.9807
-1.2160 -1.4122 -1.4514
-1.4514 -1.6083 -1.6083
-1.3729 0.3923 0.3138
0.3138 0.3138 0.2354
0.1177 -0.1569 -0.3530
-1.4514 -1.3337 -1.1376
-1.0591 -0.7453 -0.7453
-0.4707 -0.5884 0.1177
-0.0392 0.1177 0.0392
0.4315 -0.0000 -0.1569
-0.2354 1.1376 1.0199
0.6669 0.3138 0.4315
-0.0392 -0.3138 -0.4315
-0.9414 -1.1376 -1.1376
-1.2553 -1.1376 -0.9022
-1.1768 -1.0983 -0.4315
-0.0785 0.1177 0.3923
0.6276 0.3923 0.3923
0.5884 -0.5099 -0.1177
-0.0785 0.3138 0.6669
0.7061 0.2746 0.1177
0.3138 0.3530 0.0392
-0.2354 -0.0785 0.1569
0.2746 0.3530 0.5492
0.2746 0.3138 0.2746
0.1569 0.0785 0.3530
1.4122 0.0392 0.1569
0.1177 0.3138 0.5492
0.5492 0.3138 0.1177
0.9807 0.8630 1.1376
1.2945 1.0591 0.5884
0.5099 0.5492 -0.0000
0.3138 0.3138 0.2746
-0.0000 0.0785 0.3138
0.5099 -0.0000 -0.0000
-0.0392 -0.0785 -0.1961
-0.0785 -0.1177 -0.1177
-0.0785 -0.0785 0.1569
0.5884 0.6669 0.5099
0.3923 0.0785 -0.0785
-0.4315 -0.8630 -0.9414
-1.2160 -0.9414 -0.9807
-0.9414 0.0392 0.1177
-0.0000 0.2354 0.0392
0.0392 -0.3138 -0.5099
0.0392 0.2354 0.3923
0.6669 0.2746 0.0785
0.1177 0.1177 1.0591
1.0199 0.8238 0.5884
0.5884 0.4707 0.0785
-0.0392 0.9414 1.2553
1.0983 1.2945 1.5691
1.6083 1.7652 1.5691
-0.5099 -0.3138 -0.1569
-0.0392 0.4707 0.6669
0.9414 0.9414 -0.1961
-0.1177 -0.1961 -0.1569
-0.4315 -0.1961 0.1177
0.1177 0.9807 0.8630
0.6276 0.5884 0.6276
0.5884 0.3138 0.3138
0.6669 0.9807 1.0983
1.2553 1.2160 1.2945
1.0591 1.1376 2.4320
2.4713 2.4320 2.4713
2.2751 2.3536 2.3928
2.5105 1.0199 0.6669
0.5884 0.3923 0.3138
0.3138 0.3923 0.6276
1.4122 1.6475 1.6867
1.8044 1.8437 1.6867
1.1376 0.7453 -0.2746
-0.1961 -0.4315 -0.3138
-0.5492 -0.6669 -0.8238
-0.9022 -0.0785 -0.1961
-0.1569 -0.0392 0.0392
0.2746 0.4315 0.6276
0.1177 -0.0785 -0.2354
-0.2746 -0.0785 -0.0785
-0.1177 -0.0785 0.2354
0.1177 -0.0000 -0.0392
0.1177 -0.0000 0.1961
0.3138 0.1177 0.0392
0.0392 0.2746 0.2746
0.1177 0.1961 0.1961
0.4707 0.3923 0.1569
0.1569 0.1961 0.2354
0.3923 0.3923 -1.4514
-1.3337 -1.1376 -0.8238
-0.2354 -0.5492 -0.6669
-0.9414 -3.1381 -3.3343
-2.9028 -2.4713 -2.4713
-2.3536 -2.2359 -1.9613
-2.3144 -2.4713 -2.5890
-2.7459 -2.8635 -2.7851
-3.7265 -2.1967 -4.3934
-4.3934 -4.2757 -4.4326
-4.5111 -4.9033 -5.0602
-5.2564 -6.9039 -6.9823
-6.4332 -8.1984 -8.1591
-8.1199 -8.3553 -8.6691
-8.7868 -8.4729 -8.1199
-8.7083 -8.7868 -8.8260
-8.6299 -9.4536 -9.7674
-9.4536 -9.3752 -9.0613
-9.0613 -8.7868 -8.5122
-8.4729 -9.2183 -9.4536
-9.4928 -9.5321 -9.5713
-9.6497 -9.7282 -9.9243
-8.5122 -8.5906 -9.1006
-9.6105 -9.6105 -9.5321
-9.4144 -9.5713 -8.0415
-8.1199 -8.1984 -7.9238
-7.7669 -7.4531 -7.2177
-7.0216 -5.5702 -5.5310
-5.6486 -5.9232 -5.8840
-5.9232 -6.0017 -5.6879
-0.3923 -0.5884 -0.7845
-0.7845 -1.3337 -1.6867
-2.0006 -2.2359 -1.9221
-1.2945 -0.8238 -0.5099
0.0392 0.0785 0.1569
-0.1569 0.3923 0.3923
0.8630 1.6083 2.0398
2.1575 2.4320 2.7459
3.3735 3.4912 3.4912
3.3735 3.0597 2.8635
2.7066 2.7066 3.5696
3.6873 3.8442 3.9227
3.9619 4.0011 4.1580
4.3149 4.7464 5.4525
5.9624 6.3155 6.0801
6.2763 6.2763 6.3547
7.2177 7.5707 7.7669
7.5315 7.5315 7.7669
8.1591 7.3354 8.0022
8.1984 8.3160 8.4729
8.7868 8.7475 8.4729
8.2768 8.3553 8.4729
8.3160 8.3945 8.1591
8.0415 8.0415 8.5906
9.1398 8.9829 8.7868
8.7868 8.6299 8.6691
8.6299 8.8652 9.2183
9.4536 9.4144 9.5321
9.4536 9.6497 9.8066
9.8851 6.6293 6.5116
6.3155 6.0409 6.1193
5.8840 5.4133 5.7663
5.8448 6.1193 5.6486
5.9624 6.1978 6.0801
6.1586 6.0017 3.0989
3.1774 2.9812 2.7851
2.9028 3.2558 3.4519
3.0989 2.3144 1.9613
1.6867 1.5298 0.8630
0.3530 -0.0000 -0.2354
-1.0983 -1.0983 -1.2553
-1.4122 -2.0790 -2.7066
-3.4912 -3.8442 -4.3542
-4.1188 -3.9619 -4.0796
-4.1972 -3.9227 -3.8050
-3.8834 -6.9431 -6.6293
-6.4332 -6.3155 -6.1193
-6.1193 -6.3939 -6.5508
-7.3746 -7.3746 -7.2569
-7.2961 -7.3746 -7.4923
-7.8453 -8.0415 -8.1199
-8.0022 -8.1984 -8.1984
-8.0415 -7.9238 -7.8845
-7.7669 -7.7669 -7.8845
-8.0807 -8.3160 -8.3945
-8.2376 -8.2768 -8.2768
-8.2768 -8.5122 -8.1984
-8.0022 -8.1591 -8.3553
-8.4337 -8.5122 -8.3553
-7.9630 -7.7276 -7.2569
-6.7470 -5.9624 -5.0995
-4.7856 -4.0796 -3.9619
-3.6873 -3.6481 -3.6481
-3.4519 -2.7459 -2.4713
-1.3729 -1.0591 -1.0199
-0.9022 -0.9414 -0.9022
-0.8238 -0.4315 2.0398
1.5691 0.7845 0.2746
-0.0000 0.0785 0.0392
-0.0000 1.4514 1.4906
1.5298 1.6475 1.3337
0.9022 1.1768 1.6083
2.7851 3.0204 3.5304
3.8442 4.1188 4.1188
4.4326 4.5895 5.0995
5.0995 5.1387 5.4133
5.5310 5.5702 5.2956
5.0602 6.0409 5.9232
6.1586 6.1586 6.3155
6.4332 6.3939 6.5508
7.8453 8.1984 7.6492
6.7077 6.5116 6.2370
6.4332 6.5901 7.6100
7.7669 7.6492 7.5315
7.8453 8.3945 8.5122
8.5514 8.4729 8.4729
8.3945 8.1984 8.1591
7.7669 7.6492 7.5315
7.6492 7.6884 7.7276
7.6100 7.2961 6.5901
6.1193 6.3155 6.2370
5.8448 5.4525 5.0602
4.9818 5.2171 5.2171
5.1779 4.4718 4.3542
4.1188 3.8442 3.6088
3.0204 2.9420 2.9028
1.7652 1.3729 1.2553
0.9414 0.8630 0.5492
0.2746 0.0785 0.2746
0.0785 0.1177 0.1961
0.2354 0.0392 -0.1569
-0.2354 -0.5492 -0.7061
-0.6276 -0.4315 -0.5492
-0.1961 -0.3923 -0.1961
-2.1967 -2.6282 -2.6674
-2.7459 -2.5890 -2.6282
-2.6674 -2.7459 -2.3144
-2.2359 -2.3536 -2.3536
-2.4713 -2.4713 -2.1575
-2.2359 -2.7851 -2.6282
-2.5497 -2.5105 -2.3536
-2.2359 -2.3144 -2.1182
-1.9221 -1.8437 -1.6083
-1.6867 -1.5691 -1.4122
-1.3729 -1.5298 -1.4122
-1.4122 -1.7260 -1.3729
-1.2945 -1.3729 -1.8044
-1.7260 -1.7260 -1.7652
-1.6083 -1.5691 -1.4906
-1.4122 -1.3729 -1.4122
-1.3729 -1.4906 -1.4906
-1.5298 -1.6083 -1.4122
-1.3729 -1.4906 -1.4514
-1.4514 -1.5298 -1.5298
-1.5691 -1.5298 -1.2945
-1.2160 -1.2553 -1.4514
-1.5691 -1.4122 -1.4906
-1.3729 -1.4514 -1.4122
-1.2160 -1.2160 -1.2553
-1.0983 -1.2553 -1.2160
-1.2553 -1.4514 -1.3729
-1.4514 -1.5298 -1.4906
-1.3729 -1.2945 -1.3337
-1.2553 -1.2945 -1.4514
-1.3729 -1.3729 -1.3729
-1.4906 -1.2553 -1.2945
-1.4122 -1.3337 -1.2945
-1.1768 -1.2160 -1.2945
-1.3729 -1.2160 -1.5298
-1.5298 -1.4122 -1.7652
-1.4122 -1.4122 -1.4122
-1.1768 -1.2160 -1.0591
-1.0591 -0.9022 -0.7453
-0.5884 -0.6276 -0.3923
-0.0785 -0.1569 -0.5492
-0.5099 -0.4707 -0.4707
-0.3530 -0.3138 9.9636
11.6503 11.1011 11.1796
11.0227 10.5127 10.5127
10.8658 9.6105 9.6497
10.1205 10.0028 9.8459
9.8851 9.8459 9.4928
9.3359 9.5321 9.6497
9.4536 9.1398 8.9437
8.9044 8.9044 8.9829
9.4144 9.0221 9.4536
9.5713 9.8851 9.8459
9.9636 9.7282 9.8851
9.3752 9.8851 10.0028
9.7282 10.0420 10.0028
9.2967 9.1398 8.7868
8.9044 8.7083 8.5514
8.3553 8.5514 8.7868
8.4337 8.9044 8.7475
8.7083 8.5514 8.4729
8.4337 8.7868 8.6299
8.7083 8.5122 8.4729
8.4729 8.6299 8.7083
9.2967 8.9829 8.8260
8.8260 8.8652 8.8652
9.0221 9.0221 9.3359
9.6105 9.6890 9.6890
9.3752 9.5321 9.8066
10.0812 9.4928 9.8459
10.3166 10.0812 10.2381
10.3166 10.1989 10.5520
10.3166 10.5520 10.4735
10.2774 10.1989 9.9243
10.0028 10.0028 10.0028
10.0812 10.0420 10.1205
9.9243 8.2376 9.1398
9.3359 10.5912 10.6696
10.7089 10.4343 10.3950
10.3166 10.1205 10.1597
9.8066 9.9243 10.0028
9.9636 10.3166 10.2381
10.2381 10.4343 9.8851
9.8459 9.3359 9.4144
9.3752 9.1006 9.0221
9.2575 9.1790 9.7282
9.8459 9.2575 9.0221
8.9829 9.2183 8.5514
9.0613 8.7868 8.5906
8.1591 7.9630 8.1199
8.4337 8.2376 7.8061
7.5315 7.4531 7.6100
7.6884 7.2961 7.7669
7.4531 6.2370 5.9624
6.1193 6.4332 6.5116
6.5901 6.2370 6.1586
5.1779 5.1387 5.1387
5.2956 5.0995 5.1779
4.9033 5.0995 4.8641
4.6680 4.6680 4.7464
4.7464 4.5503 4.5895
5.2171 5.9624 6.0801
5.9624 6.1193 5.9624
6.1586 5.9624 6.2370
6.3547 6.5116 6.4332
6.3939 6.5508 6.8254
6.6685 6.8254 6.5116
6.2763 6.2370 6.3155
6.3939 6.6293 6.3547
6.5116 6.5116 6.1586
6.1586 6.3155 6.2763
6.3155 5.9232 5.9624
5.9624 5.4525 5.6094
5.6879 5.8448 5.6094
5.5702 5.6879 6.0801
5.8448 6.0409 5.9624
6.0801 5.8448 5.6879
5.8055 6.3547 6.6293
6.5901 6.6293 6.5508
6.5508 6.5901 6.2763
6.7862 6.9431 7.2961
7.3354 7.4138 7.5315
7.4138 7.9630 7.7669
7.8061 8.0022 8.3945
8.5122 8.5514 9.0613
9.1398 9.3752 8.8652
8.5906 9.0221 9.4928
10.0028 10.2381 10.0812
10.1989 10.1989 10.3950
9.8459 9.6890 9.6497
9.8459 10.1597 9.9243
10.0812 10.3558 9.9636
9.8459 9.7282 9.5713
9.7282 9.9636 10.3950
10.4343 11.0227 11.2188
11.7288 11.6503 11.7288
10.9442 10.7481 10.9050
10.8265 10.7873 10.8265
10.7089 10.9442 11.1404
11.2580 11.5326 11.8072
11.6895 11.9641 11.7680
11.6895 10.3558 10.2774
10.3558 10.3950 10.1205
10.1597 10.2381 10.0420
10.1989 10.4735 10.4343
10.4735 10.4735 10.2774
10.4343 10.6696 9.6890
9.6105 9.7674 9.9636
9.7674 9.5321 9.8066
9.9636 10.0420 10.3558
10.1205 10.0812 9.7674
10.0812 9.6890 10.2381
10.0420 9.9243 10.0028
10.0812 10.1205 10.2774
10.1597 10.1205 10.0812
9.8459 10.1205 9.9243
10.2381 10.2381 10.4735
10.4735 9.9243 9.8851
9.7282 9.6105 9.4536
9.7282 9.5713 9.7282
10.1597 10.3558 10.0812
10.0028 10.1205 10.0420
10.1597 10.0028 10.2381
10.3950 10.3558 10.5127
10.5520 10.6304 10.5520
10.3166 10.1989 10.0420
10.2774 10.1989 10.3558
10.4343 10.3558 10.0812
10.5520 10.1989 10.3950
10.4343 10.6696 10.4735
10.5912 10.4735 10.1205
9.9243 9.8851 10.1205
10.0420 10.0812 10.1597
10.1597 10.4735 10.0420
10.1597 10.2381 10.0812
9.8459 9.7674 9.8066
10.1205 9.7674 9.3752
10.0028 9.6497 9.8459
10.0028 10.1205 9.9243
10.1597 10.4735 10.6304
10.6304 10.4343 10.5520
10.8265 10.0028 10.1205
10.3950 10.5912 10.9834
11.1011 10.9834 10.9834
10.6696 10.6696 10.5912
10.4735 10.4735 10.5912
10.3950 10.1205 9.8066
9.7674 9.8459 10.0028
10.2381 10.2381 10.1205
10.2381 10.3166 10.2381
10.1597 10.1989 10.1597
9.9636 10.2381 9.9636
9.7674 9.8851 10.0420
9.8851 10.0420 10.1989
10.3558 10.0812 10.0812
10.2774 10.2381 9.4928
9.8066 9.8066 9.4536
9.4928 9.7674 9.8066
9.8851 10.0028 8.9044
9.8851 10.0028 10.1597
9.8459 9.7674 9.8459
9.9243 9.9636 10.0028
10.3166 10.0812 10.7481
10.3166 10.3558 10.2774
9.8066 10.0420 10.2774
9.9243 10.3166 10.2381
10.2774 9.9243 10.3558
9.9636 9.9636 10.0028
10.4735 10.0812 10.1989
10.4343 10.5127 10.3950
10.1989 10.1597 10.1597
10.1205 10.0420 10.0812
10.0812 10.1205 10.1205
10.1597 9.8851 10.1205
10.0420 10.3166 10.0420
10.0420 10.0812 10.0028
9.9243 9.9636 9.8851
10.0420 10.0028 9.8851
10.3166 10.0812 10.1205
10.1597 10.3558 10.5127
10.5127 10.3558 10.1597
10.1597 9.8851 9.6497
9.7674 9.9243 9.8459
9.6497 9.7282 9.8851
10.3166 10.3950 10.7481
10.5912 10.3950 10.5127
10.4343 10.4343 9.2967
9.4928 10.1205 9.5713
8.7868 8.9829 8.9829
9.3359 10.2774 10.5912
10.5127 10.4735 10.2381
10.3166 10.5520 10.4343
10.1989 10.1205 10.1597
10.1205 10.0028 10.0812
10.0420 9.8459 8.9829
8.5122 8.0807 7.7669
8.1591 8.5906 9.3359
9.8066 9.8459 10.2774
10.2381 10.3950 10.2774
10.1989 9.8066 10.0420
10.5912 10.6304 10.4343
9.9243 10.4735 10.5912
10.3950 10.6696 10.4343
10.5520 10.7873 10.7873
10.7089 10.4343 10.5520
10.3950 10.2381 10.1205
10.0812 10.1205 9.7674
9.8066 9.8459 10.0420
11.2188 11.1011 10.8265
10.6696 11.0619 10.8658
10.3950 10.6304 10.1989
10.1597 10.2381 9.7674
9.8459 9.8851 9.8066
10.0028 10.7089 10.7089
10.4343 10.5912 10.5520
10.4735 10.4735 10.4343
10.4343 10.3950 10.3950
10.4735 10.4343 10.1205
10.1989 10.0812 10.7873
10.5912 10.7089 10.4735
10.2774 10.2774 10.3166
10.1989 10.7481 10.5912
10.6304 10.3558 10.1205
10.1597 9.8459 10.1597
10.3166 10.2381 10.3558
10.3950 10.3950 10.5912
10.3950 10.7873 9.8851
9.8459 9.5321 9.4144
9.4144 9.2575 9.4536
9.7282 10.6304 10.5912
10.6304 10.5127 10.7089
10.4343 10.4735 10.2774
9.5713 9.8459 9.8851
9.6890 9.5321 9.6105
9.3752 9.8066 9.4144
9.2967 9.2967 9.3359
9.3359 9.5321 9.7282
9.7674 10.3950 10.3950
10.4343 10.3950 10.6304
10.7481 10.1597 10.2381
10.4735 10.2381 9.9243
10.2774 10.1989 10.2381
10.3166 10.3558 10.1597
10.0028 10.0420 9.7674
9.7282 9.7282 10.0028
9.9636 8.8260 9.4536
9.3752 9.0613 9.3359
9.8066 9.6105 9.7674
10.1989 9.2967 9.8851
9.9243 9.5713 9.3359
9.8459 10.0420 9.7674
9.9636 9.8066 9.9636
9.8459 9.8066 10.0420
9.9636 9.9636 10.0420
9.9243 9.9636 9.9243
10.2381 10.1597 10.3558
10.4735 10.3166 10.4735
10.4343 10.5912 10.5127
10.5520 10.4735 10.0028
10.2774 9.6497 10.1989
10.3166 10.8265 10.2774
9.8851 9.8851 9.7282
10.1205 10.1989 10.2381
10.0420 10.0028 9.8851
9.9636 10.0420 10.1597
10.0812 10.3558 10.4343
10.0812 10.1989 9.9243
9.7674 9.6890 9.8459
9.8066 9.9243 9.8066
9.6497 10.0028 9.9636
9.8851 9.9636 10.1989
10.0028 10.1205 10.3950
10.2774 9.9636 9.9243
9.8459 9.4536 9.2183
9.4928 10.0812 10.0812
10.0420 9.8851 9.8851
10.0420 10.0420 9.9636
9.8459 10.3950 10.4735
10.3950 10.4343 10.4735
10.3558 10.6696 10.4343
10.6304 10.3166 10.8265
11.1404 10.8658 10.6304
10.4735 10.0812 10.1205
9.8459 9.6497 9.5321
9.2575 9.1790 9.1398
9.2575 9.9636 10.1205
9.9636 10.0028 9.9636
10.0028 10.1205 9.2183
10.1989 10.0812 10.0028
9.8066 9.8066 9.7282
9.9636 10.1989 10.4735
10.6304 10.6304 10.4735
10.3558 10.5127 10.4735
10.9834 9.8851 10.1597
10.0420 10.3166 10.4343
10.2774 10.0812 10.2774
11.4934 11.3757 11.4149
10.9834 11.4542 11.0619
11.0227 11.1404 11.2580
11.1404 10.9834 10.8658
10.4735 10.2381 10.1597
10.0420 10.1989 10.3558
10.3950 10.5127 10.3166
10.0420 10.0028 9.9243
10.3166 10.0420 9.9243
10.6304 10.4343 10.3950
10.3950 10.3950 10.6304
10.7873 10.6304 10.5912
10.4735 10.4735 10.4735
10.7089 10.1597 10.3950
10.3558 10.3166 10.1205
10.1597 10.1597 10.2381
10.3950 10.2381 10.3950
10.3950 10.4343 10.4343
10.1205 9.9243 9.2183
9.1790 9.6890 9.4928
8.9829 8.8260 9.1790
9.2575 10.1205 10.3558
10.2381 10.3950 10.3950
10.6696 10.5127 10.3950
9.9243 10.2381 10.1989
10.2381 10.2774 10.1989
10.3166 10.0028 10.2381
10.0420 10.2774 9.9636
10.1205 10.3166 10.3950
10.2381 10.4735 10.3558
10.5912 10.3166 10.2774
9.9636 9.8066 9.9243
10.1597 10.3950 10.4343
10.5912 10.4735 10.5127
10.7089 10.1989 10.1205
10.3166 10.1597 10.3558
10.2774 10.5127 10.1989
10.3166 9.8459 9.8459
10.4343 9.8459 9.4144
9.3359 9.1790 9.4928
9.1790 9.2183 9.2967
9.6890 9.5321 9.2967
9.5713 10.7873 10.1989
10.2381 10.0812 9.9636
10.0028 9.8851 10.0420
9.6105 9.8459 9.8459
9.8459 9.9636 9.9636
9.9243 9.8459 9.9636
9.7282 9.6497 10.0420
9.9636 10.0028 10.0812
10.1597 10.3166 10.9834
10.8658 10.8265 10.6696
10.9050 10.9050 10.7089
10.7481 10.1597 10.1597
10.1205 10.2381 10.0812
10.0812 10.1205 10.1597
10.2774 10.4735 10.2381
10.1989 10.0812 10.0028
10.2381 9.8851 9.9243
9.8066 9.7282 9.7674
9.6890 10.0812 10.0812
10.1597 10.1989 10.0812
10.0420 10.0420 10.1205
9.8066 10.1205 10.3166
10.0028 10.1205 10.4343
10.4735 10.3558 10.5127
10.5520 10.4343 9.7282
9.7282 9.6890 9.8459
9.3752 9.4536 9.2575
9.2967 10.8265 11.1011
11.0227 10.7481 10.5912
10.6304 9.1398 11.1796
7.6100 7.6492 7.8061
7.5315 7.4138 7.4138
7.7276 7.4531 6.9431
6.6293 6.6293 7.1392
7.1785 6.9039 6.4724
6.3547 4.9033 4.7464
5.6486 5.5702 5.2171
5.5702 5.5310 4.9033
4.0011 4.0796 4.3934
4.1188 4.2365 4.1188
3.9227 3.7658 3.2558
3.2950 3.0989 3.2950
3.6873 3.7265 3.6088
3.9227 4.6287 4.6680
4.5895 4.0796 4.1972
4.0796 4.1580 4.2365
5.6879 5.7663 5.8055
5.7663 6.1193 5.4525
6.2763 6.3547 8.0022
8.2768 8.5122 8.5122
8.4337 8.3160 8.0022
7.9630 9.6497 9.7674
9.6497 9.7674 9.4536
9.5713 9.3752 9.3752
9.8066 10.1989 10.1205
10.1989 10.2381 10.6696
10.7873 11.0227 10.2381
10.1989 10.6304 10.7089
11.0619 10.9442 11.1011
11.2188 9.6497 9.7674
9.9243 9.8851 10.0028
9.7674 9.8851 10.2774
9.5321 9.1006 9.1790
8.9044 8.9437 8.9437
9.1006 9.0221 8.4729
8.3945 8.6299 8.6691
7.8453 8.0022 7.8061
7.5707 6.7862 7.4138
7.0216 6.9823 6.8647
6.5901 6.7862 6.1978
6.0409 6.0017 6.1193
5.9624 6.1978 5.7663
5.4917 5.4133 5.0210
4.8641 4.8249 4.9033
4.9426 4.9818 4.9818
5.0602 5.4133 5.1779
5.0210 5.2956 5.0210
4.7856 4.8249 4.7072
5.5702 5.8055 5.6486
5.9232 6.1978 6.0801
6.2763 6.1978 6.4724
6.9431 7.0216 7.4531
7.6100 7.9238 7.8453
8.3160 9.0613 9.1006
8.8652 8.9437 9.0613
8.5122 8.2768 8.5906
9.6890 9.4144 9.8066
9.8066 9.8851 10.3558
10.3166 10.6696 9.2183
9.1790 9.1398 9.4144
9.7674 9.8066 9.8851
9.8851 9.2183 8.9437
8.9437 8.8260 8.4337
8.5122 8.6299 8.6299
8.9437 8.9044 8.4337
8.3945 8.0807 8.0415
8.2376 8.3945 8.2768
8.1199 8.1199 8.3553
8.2376 8.1199 7.8453
7.5707 6.7470 7.0216
7.0608 6.9431 6.9039
6.6685 6.6685 6.7862
6.6685 6.8647 6.6293
6.2763 6.4724 6.3547
6.0409 5.6094 5.2564
5.1779 5.1387 4.9033
5.1779 5.2564 5.2956
5.6486 6.0409 6.1586
6.3939 6.3547 6.4724
6.3939 6.2763 6.3547
6.8647 6.7862 7.1000
7.1785 7.3746 7.7669
7.9238 8.4729 8.4337
8.3553 8.5122 8.1591
8.1591 7.8061 8.0807
8.1199 10.2774 10.3950
10.4343 10.3558 10.3950
10.2774 10.0420 9.8851
10.9442 10.9834 11.0619
10.9442 10.9050 10.9050
10.9442 10.8265 10.0420
10.0812 9.7674 9.5713
9.6105 9.6105 10.1597
10.1205 9.7282 9.6105
9.5321 9.4928 9.2967
8.9829 8.7475 8.2768
8.7083 8.9829 9.1398
9.1398 9.0613 8.5514
8.0807 7.6884 7.3746
7.0608 7.2961 7.1000
7.1785 6.9039 6.6685
6.9823 9.0613 8.8652
8.8260 8.7475 8.5122
8.4337 7.7669 7.2569
6.7470 6.5508 6.6685
6.6293 6.9039 6.8647
6.6293 6.4724 6.9039
7.2177 7.1392 6.7862
7.0608 6.7470 6.5901
6.7077 7.8061 8.0415
8.0022 8.3160 8.2376
8.0807 7.9238 8.0415
7.8453 7.8845 7.6884
7.7276 8.0415 8.1591
8.5514 8.6691 8.9829
8.7868 9.0613 9.1398
8.9044 9.1006 9.4536
9.6105 10.0420 10.2381
10.2381 10.1989 10.1597
10.3166 10.1597 10.0812
9.6497 9.7282 9.7282
9.8851 10.1205 10.3558
10.5127 10.3166 10.5520
10.3166 10.0028 10.2774
10.2774 10.2774 10.0420
10.1205 9.3752 9.6497
9.6890 9.5713 9.6497
9.6105 9.7674 9.6105
9.4536 9.7674 9.5321
9.0221 9.2183 9.2183
9.3359 9.4928 10.0028
10.2381 10.2774 10.1597
10.2381 10.3166 10.3950
10.3558 10.1205 10.1989
10.0812 9.7674 9.9636
10.1597 10.0812 10.0028
10.0028 10.0812 9.9636
10.0812 10.1597 10.1989
10.2774 10.1989 10.0420
10.0420 9.8851 10.0420
9.7674 9.9636 9.8851
9.8459 9.8459 9.8066
9.8851 9.7282 10.0028
10.0420 10.0420 9.7674
10.0028 10.0420 10.0028
10.2381 10.1205 10.1205
10.5127 10.2381 10.1597
10.1205 9.9243 9.8459
9.8851 9.9243 10.1597
9.8459 9.6105 9.7282
9.5713 10.0420 9.9636
10.0812 10.0812 10.0420
10.0812 9.9243 9.9636
10.0420 9.9636 10.0812
10.0812 9.8851 9.9636
9.8459 9.9636 9.8851
9.9243 10.0812 10.1597
10.1989 10.0420 10.1205
10.1989 10.0812 10.2774
10.1989 10.1205 10.3166
10.6696 10.7873 10.6696
10.7089 10.7873 10.6304
10.5520 10.8658 10.9834
11.0227 10.9050 11.0227
11.1011 11.0619 10.7873
10.9442 10.9834 10.9442
10.4735 10.5520 10.4343
10.4343 10.4735 10.3558
