-0.483188 -32.777449 54.542415
-0.894154 -32.722961 54.449684
-1.359750 -32.644416 54.441684
-1.639361 -32.657031 54.345551
-1.740989 -32.649201 54.306331
-1.897151 -32.647247 54.280566
-2.076410 -32.608166 54.284368
-2.329765 -32.588481 54.256817
-2.680065 -32.530072 54.270587
-3.049018 -32.507805 54.201487
-3.288102 -32.423108 54.143197
-3.573235 -32.395936 54.094381
-3.833260 -32.360723 54.050421
-3.993539 -32.368762 53.959728
-4.033015 -32.400482 53.900376
-3.932368 -32.427204 53.851070
-3.948614 -32.427289 53.841983
-3.983695 -32.435136 53.825592
-3.941245 -32.485181 53.783796
-3.845635 -32.508894 53.769370
-3.743666 -32.526780 53.752375
-3.677661 -32.528873 53.771418
-3.662786 -32.529378 53.766961
-3.678121 -32.532063 53.748272
-3.529892 -32.554436 53.746595
-3.381595 -32.577954 53.736504
-3.135433 -32.705821 53.681051
-2.761911 -32.756699 53.687133
-2.405542 -32.794809 53.707433
-2.422180 -32.805537 53.885920
-2.343716 -32.834740 53.838247
-2.184139 -32.880563 53.815100
-1.998647 -32.910020 53.816256
-1.797918 -32.931762 53.829029
-1.462657 -33.192708 53.759417
-0.856045 -33.270231 53.781518
-0.280132 -33.326593 53.827796
-0.131194 -33.359835 54.029694
0.096372 -33.399630 53.999887
0.408105 -33.449584 53.993814
1.015386 -33.521418 54.045124
1.484282 -33.535117 54.133688
1.794221 -33.669363 54.153703
2.419421 -33.773051 54.132816
3.130263 -33.868790 54.161912
3.651063 -33.941670 54.274646
4.030133 -33.958764 54.351672
4.176684 -33.945310 54.438819
3.812903 -33.888306 54.451286
3.425812 -33.841831 54.458154
3.045966 -33.758855 54.497504
2.571751 -33.686112 54.512729
2.117872 -33.625099 54.504211
1.839475 -33.591544 54.421127
1.646379 -33.596377 54.389767
1.644282 -33.610393 54.381635
1.824620 -33.624412 54.454708
1.863235 -33.597448 54.531965
1.824426 -33.630564 54.546597
1.859769 -33.637683 54.571802
1.961007 -33.654684 54.584106
1.957552 -33.634742 54.685582
1.812940 -33.597625 54.747508
1.632627 -33.574110 54.761672
1.625022 -33.564851 54.806687
1.587686 -33.558673 54.837554
1.590327 -33.574292 54.847427
1.561234 -33.559953 54.896053
1.531226 -33.557604 54.914556
1.406976 -33.527994 55.011781
1.288682 -33.511926 55.027283
1.134999 -33.485173 55.054538
1.173244 -33.490668 55.074437
1.210119 -33.496644 55.109082
1.195673 -33.407419 55.172014
1.077776 -33.390792 55.190347
0.995761 -33.384592 55.199250
0.861185 -33.346501 55.259169
0.714054 -33.325238 55.280482
0.634814 -33.326502 55.277159
0.743383 -33.321842 55.338987
0.785155 -33.308804 55.363094
0.953962 -33.467442 55.297797
1.183789 -33.475938 55.376478
1.219932 -33.480320 55.426862
0.839331 -33.392984 55.675401
0.509545 -33.361778 55.626855
0.318598 -33.373287 55.582769
-0.009283 -33.306473 55.618856
-0.408482 -33.226300 55.618496
-0.728469 -33.272893 55.525055
-1.069709 -33.191646 55.559552
-1.420667 -33.157911 55.503475
-2.001909 -33.039492 55.622809
-2.694765 -32.930088 55.603764
-3.243650 -32.883891 55.498793
-3.659555 -32.845685 55.434640
-3.921174 -32.828441 55.351668
-4.094887 -32.830421 55.317208
-4.208429 -32.824353 55.285517
-4.274675 -32.830898 55.252073
-4.080614 -32.861058 55.123930
-3.884658 -32.890919 55.126311
-3.662773 -32.927214 55.129489
-3.623204 -32.941467 55.108162
-3.545234 -32.956256 55.106789
-3.481179 -32.955861 55.116968
-3.441904 -32.959423 55.118239
-3.437298 -32.953085 55.129673
-3.395983 -32.971481 55.083978
-3.338289 -32.985627 55.083636
-3.260364 -32.994511 55.082736
-3.303939 -32.982672 55.082180
-3.328610 -32.978160 55.060383
-3.319931 -32.989417 55.047556
-3.327493 -32.987046 55.052848
-3.360528 -32.984176 55.058804
-3.273219 -32.994272 55.003213
-3.245979 -32.990249 55.016364
-3.199898 -33.008103 54.985882
-3.227448 -33.006295 54.992190
-3.205344 -33.020962 54.963262
-3.113611 -33.056687 54.941307
-3.002043 -33.069594 54.946038
-2.901503 -33.084549 54.952390
-2.858780 -33.091979 54.976499
-2.804734 -33.105825 54.973309
-2.759213 -33.119209 54.974736
-2.612074 -33.150420 54.957399
-2.412578 -33.182661 54.958201
-2.255994 -33.143642 55.004281
-2.232446 -33.145731 55.006596
-2.213747 -33.148727 55.000428
-2.288273 -33.121737 55.045910
-2.391909 -33.113094 55.034158
-2.495657 -33.098962 55.023097
-2.457670 -33.100720 55.033111
-2.424541 -33.121309 55.021702
-2.249803 -33.197274 54.977923
-1.968092 -33.245388 54.978753
-1.738036 -33.241456 55.019273
-1.915255 -33.232921 55.170009
-2.027070 -33.219115 55.149133
-2.071786 -33.238424 55.100177
-1.989897 -33.248462 55.112082
-2.020958 -33.227494 55.150355
-2.278915 -33.113053 55.216040
-2.628184 -33.067687 55.188212
-2.980894 -33.022081 55.164841
-3.015062 -33.004630 55.021731
-3.097197 -32.985188 55.032122
-3.316865 -32.931952 55.069992
-3.589686 -32.910818 55.022070
-3.749678 -32.891898 54.987211
-3.840536 -32.839862 54.971169
-4.003401 -32.815536 54.972278
-4.154693 -32.749381 54.960186
-4.245289 -32.766823 54.911735
-4.251777 -32.774793 54.901404
-4.202210 -32.789211 54.885284
-4.337844 -32.765926 54.869844
-4.428203 -32.756979 54.849897
-4.462527 -32.778979 54.823459
-4.478766 -32.768434 54.832096
-4.552726 -32.753638 54.845426
-4.549778 -32.762539 54.784012
-4.506254 -32.769865 54.789358
-4.459542 -32.774081 54.794148
-4.549668 -32.760211 54.797822
-4.560541 -32.769638 54.764096
-4.560551 -32.736826 54.776826
-4.631252 -32.727739 54.789568
-4.637590 -32.729647 54.765611
-4.778750 -32.708016 54.852999
-4.948877 -32.676777 54.862377
-5.156014 -32.639433 54.861855
-5.425756 -32.591268 54.858961
-5.760699 -32.541575 54.865111
-6.054300 -32.586987 54.824853
-6.092999 -32.600602 54.780607
-5.999562 -32.626450 54.746534
-5.913600 -32.607319 54.818939
-6.026088 -32.570714 54.872682
-6.382450 -32.484123 54.928570
-6.767236 -32.453782 54.862126
-6.888374 -32.461951 54.767540
-6.694309 -32.632455 54.672485
-6.241642 -32.709232 54.671495
-5.794367 -32.763891 54.712308
-5.623908 -32.753224 54.869829
-5.680551 -32.717417 54.948584
-5.773765 -32.716058 54.928619
-5.808493 -32.742651 54.892868
-5.606846 -32.791063 54.840531
-5.387369 -32.707644 54.879857
-5.546836 -32.687124 54.931698
-5.546149 -32.735466 54.874458
-5.642906 -32.673430 55.002238
-5.897092 -32.655214 54.988313
-5.997691 -32.673422 54.933371
-6.440587 -32.626633 54.864687
-6.713250 -32.582321 54.812087
-7.196135 -32.436270 54.863616
-7.742947 -32.378388 54.802267
-8.057815 -32.397236 54.702538
-8.055215 -32.399708 54.632775
-8.023426 -32.402425 54.624879
-8.039445 -32.406004 54.633276
-8.044618 -32.414095 54.622301
-8.068915 -32.404392 54.636035
-8.103309 -32.352306 54.629783
-8.178402 -32.355581 54.608703
-8.201925 -32.350710 54.596821
-8.170453 -32.363407 54.556400
-8.172419 -32.351598 54.574560
-8.250792 -32.332878 54.590420
-8.280954 -32.347916 54.570555
-8.239639 -32.348851 54.568212
-8.277082 -32.352606 54.581935
-8.344021 -32.336780 54.590476
-8.378732 -32.350793 54.566421
-8.274650 -32.374199 54.545555
-8.140008 -32.380430 54.560930
-8.038613 -32.369774 54.581976
-7.707927 -32.425586 54.588795
-7.289250 -32.509965 54.595325
-6.897745 -32.477604 54.679340
-6.651118 -32.534303 54.700814
-6.268552 -32.575775 54.705981
-6.423109 -32.550708 54.968068
-6.745975 -32.468948 55.001112
-7.137828 -32.453531 54.976079
-6.909798 -32.475959 55.012685
-6.747448 -32.493611 55.055725
-6.798192 -32.296918 55.175816
-7.207779 -32.244409 55.180615
-7.025128 -32.391739 54.953347
-6.854629 -32.401595 55.146913
-6.728977 -32.432214 55.165764
-6.564776 -32.462992 55.172036
-6.319739 -32.495945 55.212117
-6.152625 -32.498721 55.263646
-5.975758 -32.709503 55.223449
-5.361846 -32.854424 55.188246
-4.514512 -32.979660 55.216227
-4.090086 -33.036436 55.490078
-3.821034 -33.048392 55.588536
-3.519255 -33.139351 55.549046
-3.117998 -33.192435 55.597184
-2.703788 -33.288031 55.607691
-2.236362 -33.178038 55.692327
-2.127490 -33.180758 55.758811
-2.063232 -33.190287 55.776618
-2.008788 -33.189775 55.787982
-2.001409 -33.181792 55.789456
-2.081370 -33.155278 55.825191
-2.245991 -33.132745 55.840854
-2.372093 -33.104417 55.823885
-2.613342 -32.949880 55.882413
-3.027122 -32.898549 55.876371
-3.262710 -32.893377 55.809418
-3.239987 -32.885591 55.723251
-3.322906 -32.855196 55.760260
-3.535009 -32.796834 55.798740
-3.878436 -32.737206 55.791719
-4.225815 -32.685756 55.771542
-4.422283 -32.786942 55.679144
-4.380506 -32.794209 55.663134
-4.491024 -32.735722 55.731702
-4.425548 -32.770016 55.553988
-4.330470 -32.777390 55.585581
-4.387781 -32.734672 55.646050
-4.313216 -32.758026 55.641541
-4.104829 -32.799120 55.613753
-3.917812 -32.730235 55.671259
-3.955394 -32.706385 55.706632
-4.117788 -32.659642 55.728627
-4.441211 -32.597916 55.763950
-4.810011 -32.532439 55.760723
-5.191204 -32.471977 55.737714
-5.386590 -32.432347 55.720826
-5.679826 -32.400045 55.732578
-5.898785 -32.302778 55.715861
-6.271220 -32.217512 55.727642
-6.728836 -32.153741 55.696110
-7.318992 -32.067862 55.747536
-7.769951 -32.026145 55.685552
-8.156097 -31.962536 55.660417
-8.662943 -31.903509 55.583401
-8.966519 -31.900114 55.491659
-9.079636 -31.888827 55.435299
-9.367944 -31.826941 55.460498
-9.786687 -31.767721 55.444141
-9.955544 -31.746893 55.301066
-10.061931 -31.732309 55.276968
-10.100830 -31.751735 55.226286
-9.995598 -31.745708 55.270708
-10.030908 -31.740060 55.290230
-10.062619 -31.690655 55.303957
-10.129609 -31.707258 55.279493
-10.053022 -31.718075 55.265316
-9.962479 -31.720469 55.226988
-9.853344 -31.739191 55.228635
-9.836971 -31.727644 55.255240
-9.724943 -31.763141 55.238203
-9.489735 -31.828899 55.213315
-9.246934 -31.809303 55.269386
-9.155686 -31.806638 55.306017
-9.016787 -31.857418 55.275090
-8.823871 -31.901270 55.310187
-8.738779 -31.880859 55.374598
-8.614462 -31.913700 55.342312
-8.212527 -31.981062 55.353037
-7.712860 -32.073793 55.368925
-7.327965 -31.956924 55.495316
-7.200493 -31.975973 55.517483
-7.123582 -31.978054 55.554183
-7.318004 -31.935336 55.671925
-7.605364 -31.881908 55.672482
-7.934406 -31.819408 55.670703
-7.769464 -31.880723 55.586728
-7.648963 -31.873591 55.652476
-7.723105 -31.774751 55.730760
-7.907750 -31.747940 55.706668
-7.959255 -31.775501 55.662443
-7.752728 -31.814841 55.595182
-7.535671 -31.845431 55.620248
-7.293872 -31.900335 55.631591
-7.231570 -31.903987 55.674169
-7.220788 -31.902534 55.693799
-7.277047 -31.855562 55.740683
-7.326835 -31.852000 55.743900
-7.382572 -31.847064 55.758628
-7.330811 -31.884365 55.701655
-7.094597 -31.925320 55.695323
-6.869041 -31.945706 55.724589
-6.921864 -31.951462 55.713792
-6.918366 -31.960809 55.720016
-6.873891 -31.977155 55.718992
-6.950502 -31.946028 55.767567
-7.057958 -31.931593 55.766196
-7.072013 -31.956894 55.722755
-6.915659 -32.006482 55.695987
-6.585989 -32.073283 55.687187
-6.450780 -32.096891 55.694192
-6.440932 -32.064508 55.758136
-6.507044 -32.072141 55.766223
-6.570741 -32.049705 55.782029
-6.615792 -32.048617 55.764462
-6.548484 -32.056463 55.731129
-6.521620 -32.036428 55.772818
-6.553429 -32.018023 55.805275
-6.462170 -32.036008 55.809812
-6.338801 -32.058001 55.816036
-6.202287 -32.132131 55.821959
-5.831848 -32.220781 55.801854
-5.211015 -32.350610 55.793653
-4.267344 -32.430970 55.783278
-3.524155 -32.565121 55.867525
-2.376278 -32.817641 55.803639
-1.156474 -32.970210 55.987830
0.320250 -33.310623 55.919193
2.405327 -33.766876 55.855748
4.655677 -34.142215 55.933692
7.150206 -34.591906 55.920909
9.891432 -35.063346 55.966005
12.902252 -35.573891 55.935139
16.064511 -36.064569 55.929112
18.884957 -36.483952 55.986413
21.498363 -36.862520 56.025455
24.017242 -37.329934 55.970038
26.490187 -37.657459 55.978730
28.577735 -37.950389 55.980596
29.457826 -38.026393 56.558361
30.023727 -38.114927 56.591026
30.677909 -38.252566 56.521408
30.958634 -38.275132 56.542932
31.023971 -38.238799 56.601847
30.036077 -37.359306 57.122384
28.223238 -37.092388 57.095102
26.396183 -36.733771 57.188821
22.639084 -35.994435 58.247011
18.566412 -35.190920 58.310788
14.484042 -34.424533 58.192868
11.697015 -33.856001 58.118612
8.634089 -33.232041 58.062679
5.299885 -32.585544 57.894607
2.591208 -32.145711 57.492238
0.608150 -31.860615 57.133895
-1.995505 -31.300498 57.411653
-4.756139 -30.794519 57.126876
-7.220965 -30.406812 56.732749
-9.444639 -29.971328 56.533722
-11.669858 -29.616996 56.204386
-13.678369 -29.333422 55.876771
-15.417102 -29.081909 55.556738
-17.075406 -28.803639 55.311250
-18.904615 -28.498683 55.095993
-20.807716 -28.200648 54.799892
-22.798604 -27.875494 54.516757
-25.089473 -27.597798 54.079506
-27.025609 -27.390564 53.607897
-28.876653 -27.037762 53.330459
-30.871825 -26.782115 52.960443
-32.810448 -26.549837 52.569069
-34.394900 -26.362993 52.060632
-35.925975 -26.236704 51.725109
-37.162624 -26.150702 51.393055
-37.738793 -26.113389 51.259699
-38.190116 -26.096184 51.134891
-38.397863 -26.273433 50.966607
-38.060103 -26.327281 50.945538
-37.731412 -26.339886 51.039548
-37.045416 -26.483125 50.898828
-35.823741 -26.707874 51.000131
-33.787253 -27.041261 51.116074
-30.385438 -27.298203 51.833023
-27.433883 -27.587090 52.447013
-24.927850 -27.652653 53.074290
-22.355813 -28.020238 53.368077
-19.274612 -28.527088 53.671923
-16.946266 -28.851208 54.734850
-14.524549 -29.214200 55.058935
-12.073311 -29.620004 55.379276
-8.944582 -30.140786 55.731984
-5.747478 -30.675267 56.108390
-2.669052 -31.148688 56.498531
0.691355 -31.801364 56.682823
4.239703 -32.388706 57.000879
6.253110 -32.812859 57.944997
8.702634 -33.351859 58.016554
11.251047 -33.828528 58.189009
12.973681 -34.139316 58.348853
14.719956 -34.505523 58.386616
16.550278 -34.874718 58.445353
18.313744 -35.219956 58.518318
20.291150 -35.637035 58.475489
21.205417 -35.755820 59.136542
21.844727 -35.867368 59.189372
22.327676 -35.972560 59.227660
22.659513 -36.035563 59.235381
22.833484 -36.024398 59.301488
22.279344 -35.360024 59.625343
20.509109 -34.914011 59.740088
18.543260 -34.488595 59.726721
15.446363 -33.745602 60.279875
11.717331 -32.799097 60.237316
7.611177 -31.869533 59.965598
4.591242 -31.177313 59.685739
1.519067 -30.460903 59.382494
-1.322990 -30.234824 58.829975
-3.399901 -29.850051 58.495387
-5.250525 -29.476186 58.222307
-7.279408 -29.073946 58.062944
-9.091366 -28.720551 57.736410
-10.860245 -28.391922 57.443433
-12.666528 -28.038267 57.149053
-14.513764 -27.659757 56.856487
-16.234078 -27.627871 56.417278
-17.743271 -27.324270 56.215716
-19.390534 -27.033818 55.945888
-21.335010 -26.700444 55.745003
-23.029188 -26.473707 55.322870
-24.413971 -26.301291 54.990461
-25.828492 -26.041540 54.793723
-27.388620 -25.773847 54.517957
-29.029922 -25.518289 54.177011
-30.193143 -25.431556 53.743580
-31.171940 -25.295049 53.536534
-32.137722 -25.179964 53.306681
-33.026699 -25.068442 53.090679
-33.724044 -25.045377 52.824458
-33.040847 -25.160064 52.918517
-32.233591 -25.274576 53.054385
-31.269980 -25.614496 53.173727
-29.656177 -25.917688 53.341079
-27.570513 -26.224253 53.683745
-24.984338 -26.618160 53.867262
-22.467520 -26.919339 54.411087
-20.260927 -27.247952 54.894068
-17.468305 -27.705218 55.328392
-14.655047 -28.132620 55.829055
-12.332026 -28.265220 56.436393
-10.363157 -28.596768 56.772107
-8.550982 -28.908686 57.105881
-7.063785 -29.189908 57.480994
-5.744578 -29.404006 57.752210
-4.582815 -29.614995 57.951227
-3.199840 -29.897482 58.112616
-1.853158 -30.163247 58.322565
-0.663622 -30.209267 58.594005
0.141465 -30.339284 58.743935
0.838417 -30.487300 58.871888
0.924649 -30.487371 59.262143
1.007797 -30.499891 59.286216
1.007704 -30.472671 59.326220
0.772344 -30.415468 59.339948
0.448724 -30.329098 59.336653
0.017568 -30.226905 59.337486
-0.451229 -30.119126 59.290098
-0.860802 -30.043308 59.214732
-1.055523 -30.005487 59.093732
-1.222900 -29.982777 59.076481
-1.204223 -30.004698 59.039030
-1.287766 -29.969966 59.070919
-1.429289 -29.932066 59.075891
-1.557792 -29.903647 59.061674
-1.627797 -29.879588 59.053383
-1.733490 -29.843170 59.067643
-1.746727 -29.828002 59.031351
-1.808220 -29.807145 59.047224
-1.895661 -29.799757 59.039238
-1.983173 -29.760710 59.059652
-2.118481 -29.718134 59.078931
-2.208010 -29.745971 59.048808
-2.249326 -29.725119 59.063812
-2.264610 -29.728954 59.052165
-2.322453 -29.709505 59.115004
-2.412696 -29.688215 59.138870
-2.496429 -29.666803 59.132796
-2.521993 -29.649792 59.161439
-2.587383 -29.629220 59.176319
-2.612911 -29.632249 59.163481
-2.631739 -29.615204 59.178515
-2.645567 -29.616296 59.192197
-2.911603 -29.544879 59.318422
-3.238901 -29.455780 59.307587
-3.573110 -29.382216 59.270770
-3.900833 -29.298557 59.267154
-4.304298 -29.193789 59.248733
-4.704164 -29.186126 59.204082
-5.023551 -29.083117 59.210215
-5.493045 -28.960776 59.205043
-7.071989 -28.565034 59.630611
-8.413393 -28.281744 59.397782
-9.856824 -27.984558 59.182822
-10.815704 -27.760087 59.004500
-11.841123 -27.544163 58.848736
-12.855307 -27.312108 58.622804
-13.932552 -27.100894 58.429291
-14.987008 -26.882884 58.202885
-16.036177 -26.699713 58.003310
-17.086973 -26.484335 57.796290
-18.003395 -26.325201 57.550404
-18.342962 -26.276227 57.432154
-18.572933 -26.258663 57.325700
-18.558805 -26.427141 57.195479
-18.320123 -26.495176 57.207233
-18.049293 -26.551424 57.252061
-17.908492 -26.601376 57.335105
-17.736861 -26.644286 57.348421
-17.540290 -26.701077 57.365811
-17.364629 -26.751264 57.373611
-17.189397 -26.793135 57.398855
-17.000442 -26.869468 57.419004
-16.718154 -26.940880 57.442240
-16.402796 -27.011642 57.470970
-15.845499 -27.154231 57.411086
-15.237699 -27.285817 57.495439
-14.592776 -27.426496 57.598825
-13.752477 -27.630790 57.692201
-12.798442 -27.836958 57.827876
-11.649236 -28.230389 57.914973
-10.208622 -28.551093 58.113256
-8.671962 -28.869336 58.312064
-7.108166 -29.239426 58.543819
-5.518214 -29.583400 58.778208
-4.119567 -29.897429 59.042659
-2.636883 -30.226520 59.214557
-1.102450 -30.587252 59.378203
0.512012 -30.946132 59.545623
2.094751 -31.279441 59.727373
3.733194 -31.663095 59.831307
5.584364 -32.136685 59.910698
7.424700 -32.553201 60.108394
9.181079 -32.918209 60.291221
10.731601 -33.280646 60.379530
12.340535 -33.667789 60.456806
13.963187 -34.080810 60.631080
15.614892 -34.462918 60.721084
17.233058 -34.813449 60.824619
18.888391 -35.185859 60.831694
20.564861 -35.576312 60.870009
22.220309 -35.951973 60.912691
23.582092 -36.234297 60.952051
24.783480 -36.489441 60.985319
25.836316 -36.624837 61.058682
26.562171 -36.753088 61.103129
27.141233 -36.876656 61.127388
27.241934 -36.889369 61.370324
27.253831 -36.872113 61.392881
27.142153 -36.824162 61.431347
27.001833 -36.798382 61.423005
26.886260 -36.767057 61.422307
26.749734 -36.730657 61.445071
26.598455 -36.696345 61.441792
26.458134 -36.658403 61.453496
26.456056 -36.666868 61.387511
26.400749 -36.635229 61.402250
26.296120 -36.614876 61.418744
26.220977 -36.589793 61.428602
26.133585 -36.569107 61.430078
26.004835 -36.491025 61.462107
25.780474 -36.426147 61.476458
25.467517 -36.330418 61.506759
24.839985 -36.154204 61.653697
24.130113 -35.971996 61.677705
23.368252 -35.781356 61.696332
22.240032 -35.499702 61.709272
21.030475 -35.192223 61.711278
19.713958 -34.751985 61.707158
18.184166 -34.365803 61.659365
16.612646 -33.982955 61.593245
15.001500 -33.587815 61.520213
13.281390 -33.144821 61.438226
11.510576 -32.703023 61.331909
10.012730 -32.326419 61.230247
8.454833 -31.899927 61.118864
6.877564 -31.593467 60.930215
5.349046 -31.224797 60.794717
3.768927 -30.844463 60.630857
2.204440 -30.484098 60.451180
0.623378 -30.104450 60.260249
-0.971484 -29.701738 60.055123
-2.393729 -29.385850 59.830572
-3.736166 -29.083240 59.610012
-4.769971 -29.097332 59.278187
-5.434921 -28.952003 59.162546
-6.091109 -28.817446 59.058806
-6.404193 -28.778941 58.793430
-6.600176 -28.757880 58.740046
-6.647988 -28.773608 58.681856
-6.518538 -28.804370 58.707583
-6.429214 -28.826582 58.717615
-6.362604 -28.851929 58.732299
-6.260446 -28.884416 58.732552
-6.117381 -28.925190 58.742430
-5.831749 -28.968726 58.708884
-5.584854 -29.025379 58.755228
-5.373828 -29.077419 58.795138
-5.218962 -29.110203 58.819866
-5.085599 -29.138350 58.852468
-4.966762 -29.126251 58.875177
-4.899803 -29.152665 58.886765
-4.809753 -29.181195 58.901834
-4.727541 -29.190149 58.929104
-4.662050 -29.197972 58.932436
-4.529584 -29.247717 58.924188
-4.412563 -29.266875 58.950371
-4.336037 -29.274260 58.967555
-4.318235 -29.286008 59.005208
-4.296439 -29.281553 58.993701
-4.284166 -29.283303 58.999025
-4.305557 -29.283834 59.013813
-4.325155 -29.283898 59.016307
-4.326711 -29.286274 59.016828
-4.312978 -29.290555 59.017397
-4.302698 -29.296503 59.024538
-4.247905 -29.343292 59.005938
-4.149502 -29.378380 59.025272
-3.997669 -29.411486 59.040171
-3.930489 -29.431543 59.117197
-3.850984 -29.449913 59.126552
-3.763874 -29.471121 59.145664
-3.664590 -29.499031 59.162470
-3.546765 -29.531501 59.181110
-3.446439 -29.527129 59.209099
-3.381471 -29.534163 59.217250
-3.339965 -29.540566 59.230833
-3.304233 -29.556302 59.236355
-3.268061 -29.555863 59.233161
-3.240840 -29.565857 59.249801
-3.196395 -29.569920 59.269285
-3.160522 -29.601934 59.314068
-2.969233 -29.674511 59.230081
-2.684705 -29.753679 59.276958
-2.342739 -29.828351 59.305462
-2.033450 -29.909486 59.398379
-1.779577 -29.941682 59.454969
-1.550134 -29.981469 59.491125
-1.175346 -30.083560 59.526598
-0.758158 -30.177426 59.568332
-0.374622 -30.203643 59.640005
-0.127812 -30.237278 59.674557
0.086126 -30.298412 59.694441
0.395126 -30.387290 59.673519
0.724957 -30.451904 59.712181
1.027761 -30.507904 59.747555
1.113091 -30.525970 59.755476
1.204041 -30.552327 59.796692
1.305359 -30.569426 59.816160
1.373044 -30.577686 59.823296
1.414391 -30.584147 59.825226
1.543476 -30.642906 59.774308
1.729569 -30.694356 59.775087
1.938910 -30.734678 59.794337
2.026048 -30.773656 59.779374
2.178988 -30.823374 59.772661
2.317148 -30.814409 59.786683
2.418441 -30.844383 59.779040
2.540508 -30.879384 59.775531
2.569600 -30.883866 59.829466
2.582255 -30.886822 59.807788
2.585046 -30.888479 59.794854
2.674726 -30.909077 59.789184
2.723833 -30.926691 59.798074
2.755338 -30.925407 59.793070
2.761820 -30.920611 59.773982
2.750890 -30.923241 59.757808
2.782064 -30.941992 59.712727
2.805392 -30.939973 59.698353
2.881594 -30.989083 59.666140
2.884843 -30.983893 59.664364
2.825901 -30.982492 59.635953
2.668298 -30.967545 59.719326
2.509590 -30.902391 59.669214
2.420447 -30.887046 59.611674
2.508953 -30.857176 59.501846
2.529269 -30.846078 59.473747
2.361010 -30.826621 59.437371
2.041038 -30.747511 59.407840
1.739617 -30.694201 59.361867
1.626556 -30.797327 59.263361
1.719818 -30.818762 59.264390
1.844220 -30.861518 59.269161
1.916798 -30.853509 59.330128
1.595297 -30.716469 59.446955
1.154624 -30.606935 59.374372
0.721573 -30.508213 59.348514
0.332523 -30.421636 59.289441
0.018975 -30.468709 59.278628
-0.070930 -30.410481 59.231191
-0.210094 -30.386139 59.211742
-0.230062 -30.379448 59.169480
-0.268943 -30.382919 59.201332
-0.282588 -30.350810 59.201116
-0.403524 -30.309143 59.182870
-0.582931 -30.259048 59.182370
-0.821442 -30.245927 59.176541
-0.931594 -30.227124 59.131848
-0.986967 -30.207599 59.103921
-1.003587 -30.223194 59.083384
-1.026522 -30.204249 59.086260
-1.102390 -30.162957 59.081708
-1.227100 -30.145823 59.077772
-1.301719 -30.145305 59.080310
-1.276347 -30.115482 59.020867
-1.289819 -30.140113 59.046772
-1.281157 -30.147213 59.052889
-1.191394 -30.166823 59.020902
-1.054409 -30.205572 59.030786
-0.915360 -30.239776 59.059929
-0.678594 -30.288866 59.081537
-0.397149 -30.327530 59.100285
-0.112265 -30.421155 59.163304
0.221416 -30.511965 59.212366
0.539857 -30.574590 59.299954
0.968189 -30.584913 59.286897
1.309496 -30.649643 59.342513
1.557608 -30.712958 59.401631
1.769996 -30.745767 59.398386
1.988881 -30.800477 59.445605
2.320028 -30.863245 59.411971
2.629625 -30.947654 59.483569
2.945141 -31.005529 59.516461
3.080902 -31.016112 59.632724
3.127304 -31.013902 59.649602
3.059632 -31.005034 59.679131
2.938819 -30.969053 59.643705
2.934177 -30.963886 59.585562
2.976872 -31.006807 59.587261
3.059564 -31.023832 59.579389
3.163551 -31.047591 59.583587
3.353946 -31.062519 59.545054
3.520696 -31.114554 59.561840
3.673594 -31.158134 59.593246
3.796125 -31.149751 59.588158
3.798146 -31.149549 59.619483
3.788606 -31.238497 59.587320
3.742706 -31.252785 59.637498
3.756381 -31.215078 59.612459
3.580248 -31.170917 59.684233
3.427602 -31.141512 59.653039
3.299648 -31.120878 59.631530
3.101417 -31.082245 59.615876
2.926227 -31.032644 59.602342
2.763711 -31.011793 59.581741
2.684234 -31.006379 59.561467
2.630356 -31.001420 59.558235
2.593119 -30.997830 59.562051
2.496117 -30.984503 59.589985
2.443887 -30.936300 59.587069
2.435959 -30.934130 59.573048
2.457690 -30.949191 59.559443
2.428860 -30.918636 59.629476
2.324447 -30.876150 59.633935
2.219620 -30.843531 59.607162
2.296846 -30.872351 59.528943
2.352378 -30.859063 59.562030
2.277226 -30.812775 59.587618
2.079630 -30.805530 59.553008
1.906444 -30.782756 59.514424
1.715120 -30.808565 59.532929
1.612071 -30.770129 59.544186
1.379805 -30.683297 59.578375
1.167062 -30.572734 59.495888
0.962998 -30.553672 59.460740
0.793521 -30.540859 59.443105
0.618284 -30.482844 59.438170
0.436938 -30.425453 59.429087
0.339939 -30.488859 59.340608
0.405351 -30.524964 59.333547
0.571896 -30.578269 59.359191
0.936464 -30.608595 59.266242
1.179546 -30.682682 59.326361
1.263808 -30.706064 59.410157
1.151450 -30.673901 59.430338
0.970359 -30.602322 59.443806
0.639216 -30.438886 59.455031
0.213668 -30.342230 59.379571
-0.258702 -30.238911 59.344338
-0.630337 -30.189048 59.214161
-1.003201 -30.073648 59.159631
-1.458831 -29.997880 59.134670
-1.821204 -29.923908 59.097378
-2.143272 -29.854131 59.030926
-2.408573 -29.814459 58.970048
-2.585093 -29.788506 58.926254
-2.699658 -29.775478 58.884112
-2.462821 -29.893720 58.724457
-2.156150 -29.938239 58.745427
-1.911268 -29.985226 58.818090
-1.721970 -30.028501 58.811536
-1.536432 -30.085206 58.852324
-1.445461 -30.053677 58.928070
-1.461671 -30.055836 58.945330
-1.448187 -30.042416 58.945601
-1.288272 -30.122714 58.886076
-1.067817 -30.177462 58.916994
-0.809939 -30.239963 58.946338
-0.445928 -30.312071 58.984841
-0.084824 -30.397377 59.026302
0.275601 -30.504984 59.077466
0.675851 -30.606079 59.137951
1.119390 -30.691477 59.192271
1.401157 -30.678844 59.337567
1.614265 -30.716694 59.371834
1.662876 -30.739226 59.429354
1.559689 -30.718372 59.388338
1.496632 -30.729438 59.379471
1.558017 -30.795746 59.285311
1.703694 -30.846821 59.308347
1.854858 -30.891088 59.341341
2.122209 -30.921804 59.285394
2.437430 -30.989934 59.289716
2.731846 -31.060598 59.311757
3.023033 -31.106239 59.360689
3.298793 -31.148871 59.388594
3.483617 -31.170757 59.488456
3.639922 -31.199581 59.492370
3.814730 -31.225789 59.496820
4.036726 -31.254061 59.500219
4.279989 -31.328868 59.511527
4.575157 -31.408892 59.520086
4.972878 -31.486160 59.536418
5.318669 -31.547372 59.589034
5.520729 -31.431105 59.608689
5.434069 -31.416948 59.603462
5.283558 -31.377930 59.582173
5.185064 -31.423909 59.555686
5.099563 -31.399391 59.544662
5.042223 -31.377448 59.516915
4.904578 -31.340675 59.483762
4.766454 -31.324846 59.443842
4.624672 -31.308713 59.472480
4.401834 -31.240511 59.473852
4.100085 -31.170413 59.477852
3.966524 -31.128191 59.372068
3.937927 -31.130209 59.339929
3.982564 -31.143601 59.315379
4.059929 -31.168540 59.350384
4.086460 -31.156020 59.371398
4.071010 -31.134635 59.370457
4.044773 -31.144856 59.366760
4.063618 -31.156687 59.354875
4.085662 -31.165462 59.372257
4.089392 -31.151024 59.376572
4.066783 -31.147863 59.378670
4.093688 -31.171804 59.378965
4.160940 -31.184910 59.372422
4.200117 -31.247375 59.449429
4.260954 -31.227725 59.463750
4.318079 -31.263132 59.469044
4.471352 -31.361443 59.501183
4.532506 -31.311029 59.574870
4.445452 -31.247441 59.628911
4.217636 -31.212343 59.621609
4.199360 -31.238114 59.585261
4.314123 -31.263353 59.697257
4.330076 -31.224859 59.816444
4.193067 -31.175630 59.910230
4.155300 -31.212067 59.932298
4.112637 -31.253128 60.044374
4.039481 -31.195607 60.189888
3.951835 -31.126476 60.267432
3.832613 -31.082252 60.398506
3.757999 -31.119493 60.520857
3.746298 -31.074789 60.636730
3.763656 -31.043243 60.742732
3.687267 -31.032359 60.943854
3.561466 -30.960331 61.093808
3.397232 -30.896985 61.237076
3.437540 -30.910333 61.354993
3.518836 -30.893595 61.506126
3.527494 -30.780601 61.627554
3.445083 -30.746145 61.729040
3.397536 -30.703044 61.821626
3.300630 -30.594513 61.926229
3.096869 -30.542464 62.019164
2.865757 -30.458488 62.076083
2.402255 -30.365875 61.991212
1.979794 -30.288555 61.947572
1.511126 -30.020940 61.966193
0.943682 -29.857627 61.850190
0.491024 -29.766808 61.731525
0.340909 -29.708922 61.567045
0.200652 -29.647711 61.494548
0.118705 -29.652946 61.401932
0.122228 -29.663202 61.367506
0.058115 -29.659511 61.345342
0.063041 -29.732486 61.227412
0.188373 -29.777293 61.186356
0.318111 -29.819904 61.148558
0.431471 -29.853227 61.076258
0.651832 -29.941155 60.991391
0.929047 -30.044751 60.920926
1.014086 -30.075218 60.824205
1.079168 -30.122455 60.716120
1.182039 -30.167623 60.594567
1.260482 -30.215202 60.471461
1.371111 -30.290190 60.369367
1.430120 -30.314714 60.309386
1.430432 -30.341420 60.222228
1.422116 -30.353932 60.088025
1.601609 -30.451381 59.976996
1.783733 -30.518825 59.893022
1.874281 -30.516566 59.806180
1.993289 -30.589719 59.660815
2.238856 -30.686878 59.519211
2.417740 -30.871827 59.530967
2.546559 -30.879646 59.496680
2.652823 -30.926440 59.425970
2.895585 -31.002728 59.375104
3.230648 -31.103759 59.312419
3.446024 -31.103141 59.457166
3.510218 -31.109917 59.430753
3.571334 -31.107392 59.376181
3.752888 -31.172924 59.298163
3.827255 -31.176466 59.365868
3.760108 -31.157130 59.403570
3.869839 -31.176632 59.431178
3.903442 -31.185526 59.540379
3.720902 -31.091959 59.668403
3.571103 -31.051696 59.675182
3.457670 -30.991805 59.710645
3.301018 -31.054025 59.782815
3.157460 -30.965916 59.850990
3.020069 -30.927432 59.929462
2.802503 -30.827876 60.030532
2.538291 -30.758850 60.109565
2.347156 -30.789633 60.169176
2.355063 -30.786123 60.257702
2.438291 -30.783885 60.365155
2.376041 -30.750302 60.591737
2.299657 -30.712168 60.719176
2.162869 -30.644594 60.845203
1.963964 -30.568115 60.944716
1.811147 -30.509950 61.034777
1.742914 -30.495555 61.112900
1.706310 -30.432202 61.207945
1.661027 -30.367807 61.239238
1.796635 -30.368143 61.197325
1.877291 -30.377692 61.280883
1.866514 -30.311753 61.340796
1.487049 -30.223395 61.279589
1.209259 -30.176642 61.220102
0.971107 -29.926271 61.118061
0.561431 -29.920243 61.060922
0.312971 -29.872398 61.007397
0.325524 -29.827652 60.867062
0.323020 -29.844075 60.866776
0.303620 -29.824957 60.832499
0.674548 -29.923123 60.783144
1.035066 -30.017303 60.781056
1.217456 -29.901698 60.817643
1.169179 -29.921114 60.713947
1.216583 -29.971238 60.628575
0.995379 -29.873227 60.710942
0.607077 -29.795645 60.596825
0.091507 -29.682884 60.466274
-0.324346 -29.652563 60.257386
-0.449035 -29.701941 60.073535
-0.428611 -29.694917 59.913242
-0.508329 -29.719992 59.827049
-0.566837 -29.713352 59.689269
-0.484424 -29.780079 59.471311
-0.365854 -29.851480 59.372583
-0.269440 -29.900872 59.305044
-0.123985 -29.963358 59.211540
0.110049 -30.108278 59.140880
0.512983 -30.153792 59.082269
0.815497 -30.259859 59.079009
1.065399 -30.297307 59.072526
1.223312 -30.384216 59.048836
1.361715 -30.429175 59.037246
1.426972 -30.434799 59.040382
1.475300 -30.477292 59.022882
1.595370 -30.524695 59.026261
1.800092 -30.563034 59.030446
1.940761 -30.579743 59.069841
2.013449 -30.607390 59.106325
2.328771 -30.695808 59.018856
2.682571 -30.761579 59.065454
3.033929 -30.842142 59.102945
3.056168 -30.841354 59.195619
3.039285 -30.818895 59.243786
3.013050 -30.769046 59.273297
2.909804 -30.745916 59.307784
2.797291 -30.698611 59.323102
2.616937 -30.673037 59.366816
2.462397 -30.627079 59.370532
2.346310 -30.602832 59.370759
2.388328 -30.599828 59.388725
2.448329 -30.604261 59.406666
2.493892 -30.576879 59.449028
2.451521 -30.560244 59.471898
2.398528 -30.560318 59.504045
2.399312 -30.556744 59.517740
2.427235 -30.554708 59.534143
2.462006 -30.559664 59.557903
2.470539 -30.563485 59.577428
2.486255 -30.557790 59.598303
2.486717 -30.562602 59.624555
2.487448 -30.557902 59.651822
2.486024 -30.546782 59.662868
2.567138 -30.567898 59.648610
2.642050 -30.570918 59.683870
2.687805 -30.575521 59.721088
2.674556 -30.565915 59.748428
2.636634 -30.559260 59.766017
2.622448 -30.570360 59.774099
2.630622 -30.567444 59.800219
2.636905 -30.561948 59.824865
2.625971 -30.556171 59.860410
2.614981 -30.548368 59.877023
2.616721 -30.536093 59.893869
2.625037 -30.532620 59.911933
2.654219 -30.549948 59.925286
2.789498 -30.655826 59.923034
3.098479 -30.742195 59.967109
3.519055 -30.849537 60.010479
4.187290 -31.008874 59.976028
4.917193 -31.176475 60.047749
5.726953 -31.377914 60.108019
6.827094 -31.644582 60.249204
7.957459 -31.908942 60.359562
8.907723 -31.305218 60.211297
8.885617 -31.437895 60.066497
8.937542 -31.491061 59.949108
8.644291 -31.505876 59.955703
8.407793 -31.470399 59.792686
8.179976 -31.453862 59.643579
8.150718 -31.459085 59.493372
8.105882 -31.493468 59.378901
8.148922 -31.552938 59.227803
8.191061 -31.585125 59.110156
8.200906 -31.595746 58.982430
8.144000 -31.620776 58.867427
8.110197 -31.615696 58.713730
8.108975 -31.638650 58.566253
8.132746 -31.680555 58.477471
8.173619 -31.722449 58.373158
8.198841 -31.702817 58.270189
8.162806 -31.703632 58.167681
8.125554 -31.735540 58.058221
8.129480 -31.747117 57.938313
8.137747 -31.779978 57.835906
8.144057 -31.794858 57.724356
8.164554 -31.840272 57.623825
8.208960 -31.851105 57.502877
8.283094 -31.902551 57.361339
8.393479 -31.947504 57.250745
8.502203 -31.976911 57.134796
8.544381 -32.030000 57.051351
8.596522 -32.068596 56.923386
8.680958 -32.104158 56.792956
8.781463 -32.150624 56.675408
8.933033 -32.214227 56.571173
9.144174 -32.264952 56.449928
9.328347 -32.306533 56.349241
9.361655 -32.367024 56.291812
9.334566 -32.319160 56.154641
9.322919 -32.368980 56.036486
9.333367 -32.401722 55.920668
9.197031 -32.390632 55.804613
9.078071 -32.394115 55.676550
9.225034 -32.648704 55.462727
9.640959 -32.741183 55.397945
9.917493 -32.774396 55.382326
9.978673 -32.807939 55.332848
10.178155 -32.910266 55.217300
10.495477 -32.986244 55.147727
10.639677 -33.009713 55.129999
10.618815 -32.989713 55.100335
10.436672 -33.000481 55.050540
10.319381 -32.995517 54.949045
10.230494 -33.005102 54.847380
10.154879 -33.066306 54.776554
10.182267 -33.066495 54.680023
10.316988 -33.125863 54.598182
10.355037 -33.121957 54.587763
10.337454 -33.127419 54.547334
10.284996 -33.131880 54.507830
10.277628 -33.144307 54.443908
10.309294 -33.168317 54.388669
10.356074 -33.149882 54.328603
10.360568 -33.160946 54.286393
10.347597 -33.170414 54.215412
10.314236 -33.173977 54.155831
10.303692 -33.176535 54.071466
10.309155 -33.204347 54.013721
10.341919 -33.219145 53.953377
10.361519 -33.228819 53.906928
10.364895 -33.248329 53.866318
10.367141 -33.254605 53.807261
10.378530 -33.281515 53.746607
10.360055 -33.304252 53.689781
10.342750 -33.302468 53.650995
10.324502 -33.286818 53.587458
10.322186 -33.297518 53.530889
10.342012 -33.334226 53.479486
10.512277 -33.325512 53.349370
10.614837 -33.345331 53.318779
10.666119 -33.361988 53.286223
10.943141 -33.411440 53.190790
11.271965 -33.471045 53.114034
11.590737 -33.473553 53.088710
11.871433 -33.516155 53.004558
12.198154 -33.554424 52.918267
12.268748 -33.565908 52.981154
12.270740 -33.547491 52.898767
12.254715 -33.573376 52.811977
12.598406 -33.642370 52.696154
12.970335 -33.698976 52.641649
13.269075 -33.694047 52.608270
13.486827 -33.730286 52.535146
13.706031 -33.771659 52.469565
14.018096 -33.797280 52.332496
14.281808 -33.807932 52.264395
14.528234 -33.852658 52.183817
14.719024 -33.904258 52.080550
14.968955 -33.951979 51.991052
15.222821 -33.926024 51.930994
15.363270 -33.929203 51.848461
15.430216 -33.930389 51.804988
15.360104 -33.997861 51.784429
15.298067 -33.990594 51.717288
15.233544 -33.989365 51.651475
15.209774 -33.986231 51.576506
15.154628 -33.998632 51.517042
15.046825 -33.978505 51.503839
14.960244 -33.973120 51.402316
14.884953 -33.979791 51.322504
14.834493 -33.980741 51.216031
14.765838 -34.013009 51.178286
14.745496 -34.029573 51.084125
14.748490 -34.037431 51.028301
14.695409 -34.029938 50.977021
14.619967 -34.062666 50.905554
14.565339 -34.064200 50.849190
14.542460 -34.073870 50.760356
14.510677 -34.104955 50.713117
14.459102 -34.108884 50.661358
14.414179 -34.126373 50.582009
14.363491 -34.130968 50.528422
14.300600 -34.135461 50.470249
14.322910 -34.179195 50.365478
14.360065 -34.186867 50.306811
14.370056 -34.188008 50.259160
14.292741 -34.205411 50.228283
14.230994 -34.209790 50.157760
14.155531 -34.222501 50.112704
14.030410 -34.228561 50.043144
13.878641 -34.207063 49.999572
13.658751 -34.174211 49.971196
13.370589 -34.156027 49.898839
13.063062 -34.145176 49.835794
12.801541 -34.135727 49.759408
12.525709 -34.128718 49.707660
12.239567 -34.122382 49.651780
12.040012 -34.147675 49.611955
11.931993 -34.166957 49.518452
11.859020 -34.177625 49.467620
11.779308 -34.159160 49.413733
11.687783 -34.177234 49.349313
11.481489 -34.191074 49.358586
11.196335 -34.142551 49.307483
10.690196 -34.103821 49.310211
9.598226 -34.058334 49.222937
8.573381 -34.012992 49.116946
7.590538 -33.990146 49.041277
6.599309 -33.929389 48.968321
5.582195 -33.888036 48.897715
4.598073 -33.860488 48.798840
3.661978 -33.832802 48.716970
2.751674 -33.799799 48.650511
1.828132 -33.770055 48.554069
1.024681 -33.753262 48.438112
0.298281 -33.759348 48.356250
-0.458145 -33.753435 48.335956
-1.192260 -33.741061 48.273544
-1.777981 -33.732796 48.146496
-2.322282 -33.758439 48.119947
-2.771514 -33.734848 48.024695
-3.334887 -33.727774 47.971876
-3.923550 -33.715669 47.922184
-4.488029 -33.698832 47.831615
-5.098983 -33.691433 47.792400
-5.708200 -33.672584 47.732530
-6.393108 -33.663033 47.712200
-6.972591 -33.683704 47.609402
-7.521241 -33.676342 47.556748
-8.036863 -33.683436 47.506730
-8.572562 -33.687316 47.459321
-8.977192 -33.770945 47.349583
-9.269367 -33.790328 47.296289
-9.480105 -33.810953 47.232830
-9.487920 -33.837340 47.099433
-9.473501 -33.854086 47.068722
-9.410122 -33.879304 47.034156
-9.266075 -33.907861 46.987598
-9.034874 -33.950060 46.942172
-8.545877 -34.136374 46.823107
-7.788720 -34.169132 46.778676
-6.906560 -34.242316 46.733740
-5.691340 -34.314874 46.597381
-4.353716 -34.361490 46.564122
-2.881060 -34.420226 46.521407
-1.870006 -34.436733 46.522038
-0.835679 -34.496063 46.492712
0.536910 -34.780299 46.357419
2.344031 -34.820628 46.322464
4.323881 -34.864728 46.236687
6.319758 -34.856262 46.240933
8.324646 -34.926352 46.234497
10.376183 -34.968104 46.219422
12.750423 -35.021692 46.195524
15.132873 -35.076523 46.157778
17.599370 -35.185387 46.147187
20.034822 -35.222262 46.186145
22.335898 -35.206653 46.163066
24.476645 -35.225851 46.205101
26.549401 -35.265737 46.204263
28.663405 -35.313340 46.171093
30.278128 -35.311357 46.202803
31.763550 -35.305358 46.198065
33.143709 -35.241044 46.235456
34.348289 -35.249915 46.229806
35.439689 -35.264390 46.243171
36.238612 -35.287568 46.351430
37.035942 -35.310580 46.336986
37.889525 -35.325077 46.288024
38.266970 -35.332439 46.310280
38.572761 -35.317323 46.306385
38.842423 -35.295733 46.312979
39.042770 -35.306534 46.316189
39.245001 -35.317944 46.287999
39.422376 -35.277320 46.301689
39.497676 -35.272611 46.310694
39.475496 -35.269223 46.319662
39.409199 -35.281563 46.277586
39.337495 -35.284813 46.275353
39.135556 -35.175993 46.295869
38.789017 -35.178074 46.283181
38.444737 -35.170664 46.263698
37.796783 -35.125802 46.401288
37.044789 -35.131302 46.405530
36.345273 -35.135538 46.342888
35.622364 -35.121249 46.317981
34.803273 -35.080998 46.320912
33.592404 -34.907618 46.489511
32.236582 -34.911205 46.434237
30.998639 -34.898413 46.357195
29.541681 -34.801264 46.473864
27.954774 -34.775131 46.442943
26.277419 -34.741245 46.437170
24.828907 -34.708174 46.382015
23.327609 -34.680148 46.362593
21.614001 -34.521716 46.425611
19.778277 -34.504343 46.354797
17.993439 -34.478974 46.277279
15.997914 -34.397046 46.352175
13.861007 -34.372453 46.307025
11.791766 -34.388221 46.216411
9.919155 -34.388370 46.154991
8.074894 -34.362620 46.091802
6.254872 -34.411902 46.016050
4.666544 -34.434972 45.921341
3.204870 -34.430080 45.826604
1.709145 -34.456410 45.780096
0.256379 -34.465976 45.705973
-1.102234 -34.471075 45.646315
-2.177842 -34.485281 45.602033
-3.396576 -34.472537 45.621669
-4.566283 -34.589375 45.526138
-5.520081 -34.593940 45.479639
-6.453134 -34.582384 45.427709
-7.024391 -34.605095 45.201190
-7.524015 -34.625908 45.172666
-7.966834 -34.641858 45.138094
-8.062075 -34.667589 45.092922
-8.112603 -34.681749 45.078264
-8.055432 -34.755021 45.047901
-7.929890 -34.766056 45.026616
-7.857832 -34.767930 45.044352
-7.591385 -34.786830 44.939471
-7.247393 -34.808817 44.898727
-6.782531 -34.836151 44.868446
-6.323038 -34.829307 44.869596
-5.879577 -34.828927 44.860579
-5.000849 -35.119051 44.641317
-3.807107 -35.096554 44.650716
-2.794840 -35.076857 44.701321
-1.118689 -35.114965 44.293802
0.850627 -35.128224 44.247375
2.980429 -35.111980 44.204919
4.802374 -35.077991 44.289096
6.366195 -35.057692 44.373274
7.805252 -35.035510 44.403465
9.386877 -35.058527 44.359098
11.049854 -35.051362 44.355187
12.412793 -34.998832 44.534449
13.682206 -34.994407 44.561943
14.928155 -34.986017 44.567886
16.389409 -34.997449 44.527671
17.929199 -35.029631 44.512352
19.764516 -35.193418 44.382371
21.908451 -35.204405 44.345970
24.196501 -35.203055 44.302907
26.215490 -35.145614 44.481830
28.107267 -35.119236 44.532777
29.823222 -35.111841 44.614467
30.936930 -35.114820 44.609024
32.088097 -35.116880 44.598244
33.145258 -35.017337 44.641829
34.019064 -35.016317 44.677054
34.908533 -35.018823 44.662485
35.832475 -35.051759 44.637483
36.679121 -35.024004 44.649073
37.484377 -35.025544 44.656048
37.824076 -35.022369 44.673888
38.059569 -34.998020 44.717783
38.188593 -34.934041 44.755582
38.144462 -34.938658 44.788797
38.038644 -34.949969 44.796917
37.889141 -34.945281 44.792066
37.785610 -34.967703 44.775288
37.723456 -34.973117 44.771120
37.432669 -34.988013 44.777213
37.099001 -34.991902 44.782616
36.664457 -34.942155 44.807434
36.104607 -34.939679 44.828088
35.463685 -34.935844 44.832184
34.700268 -34.953061 44.867497
33.898692 -34.966496 44.864908
33.137647 -34.970427 44.837294
32.146461 -34.967028 44.838969
30.989672 -34.949292 44.877300
29.555888 -34.872833 44.994296
28.002271 -34.858403 44.969071
26.448808 -34.861843 44.935405
24.579706 -34.831436 45.064099
22.736794 -34.848618 45.032685
20.934016 -34.876187 45.007045
19.526283 -34.879429 44.959247
18.179377 -34.889850 44.932784
16.830341 -34.919845 44.902017
15.624268 -34.944782 44.862274
14.599543 -34.967829 44.789321
13.527298 -34.958523 44.868327
12.314854 -34.970396 44.892497
11.105647 -34.991159 44.859806
9.908482 -34.965971 44.873949
8.595365 -34.960933 44.883976
7.316706 -35.083909 44.822013
6.218383 -35.099779 44.777526
5.147631 -35.103937 44.773003
4.095473 -35.143752 44.755779
3.107046 -35.194829 44.742255
2.212381 -35.193616 44.695158
1.768142 -35.214814 44.631959
1.523015 -35.259977 44.577345
1.705016 -35.411883 44.416771
2.117891 -35.423417 44.422607
2.471299 -35.419079 44.427760
3.055957 -35.428987 44.271835
3.850393 -35.450730 44.196723
4.810211 -35.451060 44.153522
5.360635 -35.432850 44.178844
5.743511 -35.406336 44.228439
5.842873 -35.244125 44.329843
5.729830 -35.260199 44.351546
5.639733 -35.278452 44.349358
5.722909 -35.297368 44.271488
5.753928 -35.282099 44.296063
5.711321 -35.275477 44.309219
5.627453 -35.275373 44.320444
5.544001 -35.292187 44.319924
5.490755 -35.320693 44.302878
5.442360 -35.318964 44.303713
5.406626 -35.303583 44.298719
5.464210 -35.320847 44.249589
5.591449 -35.325032 44.215577
5.779982 -35.320910 44.180900
5.725448 -35.289296 44.231876
5.586444 -35.304017 44.229055
5.442256 -35.285871 44.281285
4.965614 -35.237462 44.376207
4.234542 -35.218722 44.438244
3.775968 -35.174217 44.225213
3.457298 -35.245919 44.202597
3.358528 -35.277892 44.068609
3.314952 -35.277665 44.068962
3.365802 -35.299882 44.044344
3.660313 -35.478020 43.948529
4.197724 -35.452834 43.913287
4.632393 -35.457474 43.962817
5.094210 -35.518058 43.926839
5.523427 -35.500952 43.950575
5.962924 -35.504167 43.960082
6.212915 -35.475098 43.961017
6.406640 -35.471152 43.967649
6.607132 -35.502294 43.953610
6.806466 -35.493829 43.950302
6.901327 -35.496991 43.978200
6.678391 -35.473075 44.149775
6.463200 -35.492512 44.152183
6.125300 -35.469140 44.197401
5.620817 -35.474425 44.183405
5.152951 -35.497040 44.193035
4.903390 -35.523277 44.043466
4.723547 -35.528209 44.046485
4.524029 -35.543344 44.079697
4.642431 -35.481937 43.894319
4.847912 -35.507164 43.894528
5.032080 -35.503383 43.909605
4.962143 -35.483498 43.929562
4.922419 -35.478872 43.906571
4.713361 -35.415483 44.020251
4.413493 -35.391590 44.018239
4.100966 -35.409829 44.007056
3.901916 -35.492527 43.953407
3.765589 -35.481414 43.933762
3.628656 -35.463158 43.923203
3.525365 -35.481560 43.941001
3.394808 -35.471328 43.949446
3.063937 -35.397568 44.057495
2.596404 -35.392392 44.052722
2.134004 -35.398506 44.063139
1.787422 -35.436505 43.981286
1.467684 -35.450836 43.982252
1.150585 -35.464036 44.018446
1.160362 -35.483088 43.979290
1.192107 -35.492259 43.980703
1.246163 -35.479755 43.999506
1.265044 -35.473472 43.988685
1.233416 -35.460520 44.002020
1.179902 -35.458659 44.003621
1.139871 -35.454455 44.012114
1.081728 -35.462113 44.016571
1.236407 -35.467406 43.991079
1.485999 -35.474390 43.968186
1.916413 -35.522561 43.883157
2.214828 -35.494844 43.932675
2.411102 -35.476401 43.960562
2.410690 -35.469833 44.055781
2.600341 -35.500306 43.998191
3.021115 -35.550259 43.896907
3.363827 -35.552625 43.882344
3.733610 -35.527635 43.865886
4.059230 -35.568759 43.928399
4.519986 -35.559521 43.887910
4.956916 -35.543968 43.891357
5.296256 -35.577299 43.937955
5.683297 -35.577539 43.938969
6.021980 -35.545583 43.959857
5.874629 -35.560442 43.996769
5.777140 -35.577306 43.982250
5.921893 -35.697611 43.867002
6.120817 -35.673084 43.890723
6.248472 -35.678136 43.918581
6.416978 -35.697272 43.876286
6.556720 -35.690919 43.883814
6.688463 -35.680108 43.882710
6.654926 -35.678686 43.895987
6.648879 -35.672968 43.892549
6.602422 -35.679787 43.925696
6.565151 -35.679677 43.923191
6.522014 -35.667812 43.917488
6.362378 -35.636278 43.978501
6.111095 -35.641438 43.998983
5.836316 -35.641559 44.002859
5.185810 -35.639072 44.026036
4.472820 -35.626140 44.031687
3.829961 -35.682121 43.989917
3.295357 -35.707461 43.994449
2.844427 -35.735596 43.961164
2.554942 -35.626530 43.899777
2.259512 -35.668677 43.895984
2.029462 -35.702992 43.888787
2.336190 -35.706798 43.843517
2.598043 -35.678367 43.887288
2.671485 -35.617673 44.005008
2.691545 -35.628442 43.998029
2.674938 -35.587765 43.996820
2.292800 -35.610569 44.162674
1.967167 -35.636140 44.147625
1.820776 -35.670506 44.115426
1.902857 -35.630789 44.124487
1.917621 -35.646663 44.155696
1.934155 -35.674961 44.162248
1.990933 -35.670711 44.150367
2.121813 -35.697380 44.123798
2.187231 -35.604968 44.178507
2.299163 -35.627866 44.178624
2.307483 -35.652494 44.226125
2.123778 -35.648924 44.217136
1.898925 -35.632786 44.232148
1.782183 -35.697343 44.157858
1.765094 -35.723207 44.159597
1.814595 -35.739657 44.153922
1.937335 -35.683980 44.109734
2.146689 -35.695857 44.081250
2.316946 -35.697347 44.114130
2.548806 -35.691211 44.119012
2.724472 -35.646701 44.140078
2.831168 -35.654635 44.129343
3.006013 -35.648508 44.106876
3.210659 -35.633931 44.085204
3.544424 -35.614141 44.008551
3.877616 -35.610838 44.021619
4.119921 -35.597083 44.056173
4.005708 -35.584713 44.068419
3.853933 -35.561905 44.073109
3.635954 -35.543656 44.095657
3.406769 -35.560273 44.080668
3.173211 -35.568490 44.099476
3.187167 -35.591867 43.969661
3.116048 -35.574099 44.001060
2.996215 -35.574585 44.016484
2.957861 -35.578233 44.008156
2.961241 -35.572608 44.002644
2.944692 -35.520815 44.001590
2.810264 -35.527925 44.027559
2.679945 -35.526377 44.026781
2.569978 -35.540369 44.013908
2.476290 -35.553727 44.006067
2.416460 -35.564034 44.001193
2.367288 -35.557086 44.013233
2.312679 -35.553920 44.012891
2.217907 -35.549689 44.044374
2.119103 -35.555371 44.036248
2.030496 -35.553960 44.036926
2.011512 -35.556776 44.017852
2.004177 -35.551994 44.007760
1.944845 -35.556324 44.033844
1.854092 -35.550214 44.036670
1.746243 -35.551366 44.046406
1.648825 -35.581527 44.045248
1.553700 -35.588252 44.059602
1.467433 -35.578652 44.049386
1.444065 -35.590692 44.015688
1.427704 -35.569934 44.021076
1.415457 -35.571781 44.026005
1.357032 -35.565809 44.035693
1.325537 -35.565896 44.035121
1.288612 -35.577834 44.034407
1.263660 -35.570551 44.042174
1.252120 -35.559924 44.038760
1.179648 -35.567361 44.069632
1.109936 -35.567921 44.067506
1.067161 -35.571017 44.055639
1.071521 -35.571056 44.069858
1.065913 -35.565283 44.087373
1.019093 -35.520194 44.104971
0.934400 -35.526599 44.101533
0.857077 -35.542754 44.109550
0.998657 -35.539400 44.003954
1.183590 -35.537159 43.997626
1.397090 -35.543197 43.998144
