2.7066 1.1768 9.9636
3.4127 1.4906 11.6503
2.4320 1.7652 11.1011
2.0006 2.2359 11.1796
2.6282 1.6475 11.0227
2.8243 1.0591 10.5127
2.9028 0.3138 10.5127
2.9812 0.0392 10.8658
3.0597 1.7652 9.6105
3.2558 2.3144 9.6497
3.5696 2.1967 10.1205
3.3735 1.7652 10.0028
3.7658 1.5298 9.8459
3.8442 1.2160 9.8851
3.8442 0.9807 9.8459
4.0403 1.0199 9.4928
4.0011 1.8437 9.3359
4.3934 1.6083 9.5321
4.4326 1.4906 9.6497
4.4718 1.2160 9.4536
4.5111 1.2160 9.1398
4.7464 1.4514 8.9437
4.7464 1.6475 8.9044
4.6287 1.7652 8.9044
5.4133 0.8630 8.9829
5.2956 1.2160 9.4144
5.2564 1.2553 9.0221
5.5702 1.4514 9.4536
5.6486 1.2945 9.5713
5.7663 1.4122 9.8851
5.3740 1.3729 9.8459
5.8448 1.2160 9.9636
6.0017 1.6867 9.7282
6.1978 1.6867 9.8851
6.1193 1.6867 9.3752
6.1586 1.7652 9.8851
6.1586 1.8437 10.0028
6.1978 1.8437 9.7282
6.1586 1.8829 10.0420
6.1586 1.8044 10.0028
5.8055 1.9613 9.2967
5.8055 1.6867 9.1398
6.1586 1.7652 8.7868
6.2370 2.0006 8.9044
5.8448 1.9613 8.7083
5.6486 1.8829 8.5514
5.7663 2.0006 8.3553
5.8055 1.9221 8.5514
5.7663 1.4906 8.7868
5.6094 1.6475 8.4337
5.5310 1.6475 8.9044
5.4525 1.7260 8.7475
5.4917 1.7260 8.7083
5.2564 1.8437 8.5514
5.4133 1.6475 8.4729
5.4133 1.7652 8.4337
5.4133 1.8437 8.7868
5.2956 1.7652 8.6299
5.2564 1.8044 8.7083
5.2171 1.7652 8.5122
5.1779 1.6867 8.4729
5.2564 1.7260 8.4729
5.3348 1.8437 8.6299
5.1779 1.8437 8.7083
5.2956 1.5298 9.2967
5.1779 1.7260 8.9829
5.2564 1.5691 8.8260
5.3348 1.6083 8.8260
5.0995 1.8044 8.8652
5.0602 1.9613 8.8652
5.3348 2.0790 9.0221
5.4133 1.9613 9.0221
5.2171 1.6083 9.3359
5.2564 1.6475 9.6105
5.1779 1.7260 9.6890
4.9426 1.7652 9.6890
5.2171 1.8044 9.3752
5.0995 1.6867 9.5321
5.1387 1.8044 9.8066
5.0210 1.6475 10.0812
4.7072 1.5298 9.4928
4.7072 1.2160 9.8459
4.7072 1.5298 10.3166
4.3542 1.6083 10.0812
4.5503 1.6083 10.2381
4.5895 1.6083 10.3166
4.4326 1.1376 10.1989
4.5111 1.1768 10.5520
4.0011 1.3729 10.3166
3.8442 1.6867 10.5520
3.7658 1.6867 10.4735
3.6481 1.7652 10.2774
3.6088 1.7652 10.1989
3.5304 2.0398 9.9243
3.4127 2.1967 10.0028
3.2950 2.2359 10.0028
2.5497 1.2160 10.0028
2.5497 1.0591 10.0812
2.4320 0.9022 10.0420
2.0398 0.4707 10.1205
2.0398 -0.0000 9.9243
1.7260 0.4315 8.2376
2.8243 0.6276 9.1398
1.8044 0.7453 9.3359
1.4122 1.4122 10.5912
1.1376 1.4906 10.6696
1.1376 1.3729 10.7089
1.0199 1.2945 10.4343
1.0591 1.2160 10.3950
1.0199 0.9414 10.3166
0.7453 0.5492 10.1205
0.9414 0.3138 10.1597
-0.0000 0.5099 9.8066
0.0392 0.7061 9.9243
-0.3530 1.0591 10.0028
-0.1569 1.2553 9.9636
0.0392 1.3337 10.3166
-0.5884 1.6083 10.2381
-0.5492 1.5298 10.2381
-0.4315 1.8044 10.4343
-1.6475 0.4707 9.8851
-1.5691 0.2354 9.8459
-1.6083 0.0392 9.3359
-2.0398 -0.3530 9.4144
-2.0006 -0.9414 9.3752
-2.1575 -1.1768 9.1006
-2.1182 -1.1768 9.0221
-2.3928 -1.0591 9.2575
-2.7066 1.4906 9.1790
-3.0989 1.4514 9.7282
-3.0989 1.2553 9.8459
-3.3735 1.0591 9.2575
-3.0989 1.1768 9.0221
-3.2558 0.7845 8.9829
-3.4127 0.8238 9.2183
-3.6088 0.6276 8.5514
-4.4326 -1.7260 9.0613
-4.4326 -2.0006 8.7868
-4.5111 -2.2751 8.5906
-4.4326 -2.1967 8.1591
-4.5895 -2.1575 7.9630
-4.5503 -2.0006 8.1199
-4.7856 -1.9221 8.4337
-4.7464 -1.3729 8.2376
-5.2171 -0.6669 7.8061
-5.4525 -0.7061 7.5315
-5.2956 -0.5099 7.4531
-5.5702 -0.6276 7.6100
-5.6879 -0.4707 7.6884
-5.7271 -0.4707 7.2961
-5.6879 -0.4707 7.7669
-5.8448 -0.6276 7.4531
-7.0608 -0.3138 6.2370
-7.1785 -0.1177 5.9624
-7.1392 0.0392 6.1193
-7.0608 0.2746 6.4332
-7.0216 0.3530 6.5116
-6.9823 0.4707 6.5901
-6.9039 0.3530 6.2370
-7.1392 0.2354 6.1586
-7.6492 -0.2354 5.1779
-7.6100 -0.1569 5.1387
-7.8845 0.0785 5.1387
-7.6100 0.1569 5.2956
-7.7669 0.1177 5.0995
-7.8845 -0.0392 5.1779
-7.8061 0.1961 4.9033
-7.6884 0.2354 5.0995
-7.7276 0.0785 4.8641
-8.0415 0.0392 4.6680
-8.1199 0.0785 4.6680
-8.0415 0.0785 4.7464
-7.9238 0.0785 4.7464
-7.8845 -0.0000 4.5503
-7.8453 0.1569 4.5895
-7.6884 -0.0000 5.2171
-7.4138 -0.0392 5.9624
-7.5315 -0.1177 6.0801
-7.4138 -0.0000 5.9624
-7.3746 -0.0785 6.1193
-7.4923 -0.0000 5.9624
-7.6884 -0.0392 6.1586
-7.6100 0.0785 5.9624
-7.5707 0.0392 6.2370
-7.7276 -0.2746 6.3547
-7.8061 -0.1961 6.5116
-7.7276 -0.3923 6.4332
-7.7276 -0.1569 6.3939
-7.6492 -0.0785 6.5508
-7.6100 0.0785 6.8254
-7.3354 0.1961 6.6685
-7.4531 0.3138 6.8254
-7.7276 -0.1177 6.5116
-7.9238 -0.1177 6.2763
-7.7669 -0.1961 6.2370
-7.6884 -0.0392 6.3155
-7.6884 0.0785 6.3939
-7.6492 -0.0000 6.6293
-7.5315 0.0392 6.3547
-7.6100 -0.1569 6.5116
-7.4531 -0.1961 6.5116
-7.4923 -0.1569 6.1586
-7.4531 -0.0392 6.1586
-7.4923 -0.0000 6.3155
-7.4531 0.0392 6.2763
-7.4923 0.0392 6.3155
-7.4923 -0.1177 5.9232
-7.3354 -0.0000 5.9624
-7.4531 -0.1569 5.9624
-7.4923 -0.1961 5.4525
-7.3354 -0.1177 5.6094
-7.5315 -0.0392 5.6879
-7.5315 -0.2746 5.8448
-7.3746 -0.1177 5.6094
-7.5315 -0.1177 5.5702
-7.4923 -0.1569 5.6879
-7.1000 0.3530 6.0801
-7.2961 0.3530 5.8448
-7.1785 0.3923 6.0409
-7.0608 0.1177 5.9624
-7.2961 0.1177 6.0801
-7.2961 0.3138 5.8448
-7.2961 0.2354 5.6879
-7.2569 -0.0000 5.8055
-6.7470 0.0392 6.3547
-6.7470 -0.0392 6.6293
-6.7077 -0.1177 6.5901
-6.6685 -0.1569 6.6293
-6.5901 -0.0000 6.5508
-6.5508 -0.1177 6.5508
-6.5901 -0.0785 6.5901
-6.5901 0.0392 6.2763
-5.8055 0.6669 6.7862
-5.6879 0.5099 6.9431
-5.7663 0.7061 7.2961
-5.4917 0.5884 7.3354
-5.5702 0.6669 7.4138
-5.2171 0.5099 7.5315
-5.0210 0.4315 7.4138
-5.1779 0.4707 7.9630
-4.6680 -0.3923 7.7669
-4.4718 -0.1177 7.8061
-4.5111 -0.0785 8.0022
-4.3542 -0.1569 8.3945
-4.0796 -0.0785 8.5122
-3.8050 -0.0392 8.5514
-3.6481 -0.0785 9.0613
-3.4127 -0.1177 9.1398
-3.2558 -1.6867 9.3752
-3.0989 -1.7260 8.8652
-3.0204 -1.6475 8.5906
-2.9812 -1.2553 9.0221
-2.6674 -0.7845 9.4928
-2.7066 -0.3138 10.0028
-2.5890 -0.1177 10.2381
-2.3144 -0.0785 10.0812
-1.9613 0.1177 10.1989
-1.6867 0.3530 10.1989
-1.4122 0.3138 10.3950
-1.2945 -0.0000 9.8459
-1.2160 -0.1961 9.6890
-1.2553 -0.3530 9.6497
-1.0591 -0.2746 9.8459
-1.2160 -0.1961 10.1597
-0.4315 -0.9807 9.9243
-0.2746 -0.6669 10.0812
-0.2354 -0.8238 10.3558
-0.2354 -0.7453 9.9636
-0.0000 -0.7845 9.8459
0.1569 -0.4315 9.7282
0.1177 -0.1177 9.5713
0.5884 0.3138 9.7282
1.0591 -0.7061 9.9636
1.2945 -0.8238 10.3950
1.4122 -0.5492 10.4343
1.6475 -0.3138 11.0227
1.4906 0.0392 11.2188
1.4514 -0.1177 11.7288
1.5298 -0.3530 11.6503
1.8044 -0.3923 11.7288
1.9613 0.2746 10.9442
2.3144 0.5099 10.7481
2.1967 0.6276 10.9050
2.2751 0.8238 10.8265
2.0790 0.8238 10.7873
2.1967 0.7453 10.8265
2.0790 0.5884 10.7089
2.2359 0.4707 10.9442
2.4320 -0.0392 11.1404
2.5890 0.1177 11.2580
2.6674 0.1961 11.5326
2.5497 0.1177 11.8072
2.4713 0.0392 11.6895
2.7851 -0.0392 11.9641
2.7066 -0.0392 11.7680
2.4320 0.1961 11.6895
2.3144 0.9414 10.3558
2.3928 0.9414 10.2774
2.2359 0.8630 10.3558
2.2359 0.8238 10.3950
2.2751 0.6669 10.1205
2.0398 0.9022 10.1597
2.0790 0.6669 10.2381
2.0790 0.8238 10.0420
2.0790 0.5884 10.1989
2.0398 0.5492 10.4735
1.9613 0.3530 10.4343
2.1182 0.5492 10.4735
2.0790 0.4707 10.4735
2.0790 0.3530 10.2774
2.0006 0.3923 10.4343
1.9221 0.5492 10.6696
1.8044 0.7061 9.6890
1.8829 0.7845 9.6105
1.8437 0.7845 9.7674
1.7260 0.8630 9.9636
1.8044 0.5099 9.7674
1.4514 0.5492 9.5321
1.9221 0.5099 9.8066
1.8829 0.3530 9.9636
1.7260 0.6276 10.0420
1.5691 0.6669 10.3558
1.4906 0.5884 10.1205
1.5298 0.4315 10.0812
1.7260 0.4707 9.7674
1.7652 0.3138 10.0812
1.4906 0.3530 9.6890
1.6083 0.5492 10.2381
1.4906 0.6276 10.0420
1.3729 0.2354 9.9243
1.6083 0.0392 10.0028
1.4906 0.0392 10.0812
1.4122 0.1961 10.1205
1.3337 -0.0000 10.2774
1.4122 -0.0000 10.1597
1.4122 0.2354 10.1205
1.3729 0.2354 10.0812
1.5298 0.1961 9.8459
1.4122 0.1961 10.1205
1.4122 0.4315 9.9243
1.5298 0.5492 10.2381
1.5298 0.5492 10.2381
1.4122 0.4315 10.4735
1.3337 0.3923 10.4735
1.2553 0.1569 9.9243
1.2160 0.0785 9.8851
1.1768 0.0785 9.7282
1.1768 0.2354 9.6105
1.4122 0.3923 9.4536
1.3337 0.3530 9.7282
1.1768 0.7845 9.5713
1.2160 0.7061 9.7282
1.1376 -0.0000 10.1597
1.2945 0.1569 10.3558
1.2945 0.1569 10.0812
1.2553 0.4315 10.0028
1.4122 0.4707 10.1205
1.2160 0.6276 10.0420
1.2160 0.4315 10.1597
1.4514 0.3923 10.0028
1.4514 0.1569 10.2381
1.4122 0.2746 10.3950
1.3729 0.2746 10.3558
1.3729 0.2354 10.5127
1.4906 0.0785 10.5520
1.4906 0.0392 10.6304
1.5691 0.0392 10.5520
1.4514 -0.1177 10.3166
1.2945 0.2354 10.1989
1.3729 0.1177 10.0420
1.3729 0.1569 10.2774
1.3729 0.1961 10.1989
1.4122 0.0785 10.3558
1.3729 -0.0392 10.4343
1.2160 -0.0000 10.3558
1.2160 0.0392 10.0812
1.2945 0.1177 10.5520
1.3729 -0.0000 10.1989
1.3729 -0.1177 10.3950
1.5691 -0.2354 10.4343
1.3337 -0.1961 10.6696
1.3729 -0.0785 10.4735
1.2160 -0.0785 10.5912
1.4906 0.0785 10.4735
1.0591 -0.0392 10.1205
1.0199 0.0785 9.9243
1.2160 -0.0000 9.8851
0.9022 -0.1177 10.1205
1.1768 0.0392 10.0420
0.9022 -0.0392 10.0812
1.2160 -0.0392 10.1597
1.0983 -0.1177 10.1597
1.0983 -0.1177 10.4735
1.0983 -0.1177 10.0420
1.0199 -0.2746 10.1597
1.0591 -0.0392 10.2381
0.9022 -0.1569 10.0812
0.9414 -0.2354 9.8459
1.1376 -0.2354 9.7674
0.9022 -0.0785 9.8066
0.9807 -0.0000 10.1205
1.0591 0.1177 9.7674
0.8630 0.2354 9.3752
0.9022 0.3138 10.0028
0.7845 0.1961 9.6497
0.8630 0.4315 9.8459
0.8238 0.2746 10.0028
0.9414 0.1569 10.1205
0.9807 -0.1569 9.9243
1.0591 -0.0000 10.1597
1.0199 -0.2354 10.4735
1.0591 -0.1177 10.6304
1.1768 0.1569 10.6304
0.9414 -0.0000 10.4343
0.8630 -0.0785 10.5520
1.0983 -0.1569 10.8265
0.8630 -0.6669 10.0028
0.8238 -0.7845 10.1205
1.1376 -0.6276 10.3950
1.0199 -1.0983 10.5912
1.0199 -1.6475 10.9834
1.2945 -2.0790 11.1011
1.4122 -2.3928 10.9834
1.1768 -2.4320 10.9834
1.2945 -0.2746 10.6696
1.1376 -0.0000 10.6696
1.1768 -0.0392 10.5912
1.1376 -0.1961 10.4735
1.0983 -0.3530 10.4735
1.0199 -0.0392 10.5912
0.8238 0.0392 10.3950
0.9022 -0.1177 10.1205
0.6669 -0.6669 9.8066
0.6276 -0.6276 9.7674
0.6276 -0.8238 9.8459
0.5492 -0.6276 10.0028
0.5492 -0.5099 10.2381
0.5099 -0.6669 10.2381
0.7453 -0.3138 10.1205
0.3530 -0.3530 10.2381
0.3530 0.3138 10.3166
0.6276 0.1569 10.2381
0.4707 0.0785 10.1597
0.2354 0.0392 10.1989
0.2354 0.2354 10.1597
0.0392 0.2354 9.9636
0.1961 0.4315 10.2381
-0.0785 0.1961 9.9636
-0.0785 0.3530 9.7674
0.0392 0.4707 9.8851
-0.0785 0.7453 10.0420
-0.2354 0.8630 9.8851
-0.2746 0.6276 10.0420
-0.0392 0.2354 10.1989
-0.0785 0.3530 10.3558
-0.1961 0.5884 10.0812
-0.0785 0.1569 10.0812
-0.3530 0.3530 10.2774
-0.3138 0.3138 10.2381
-0.4707 0.3530 9.4928
-0.3923 0.5492 9.8066
-0.5099 0.7453 9.8066
-0.8238 0.8630 9.4536
-0.5099 0.9414 9.4928
-0.5884 0.7453 9.7674
-0.6276 0.9414 9.8066
-0.5492 0.9022 9.8851
-0.6276 0.8630 10.0028
-2.3144 2.4713 8.9044
-0.8630 0.5884 9.8851
-0.5099 0.4315 10.0028
-0.4315 0.4315 10.1597
-0.5884 0.6276 9.8459
-0.6276 0.6276 9.7674
-0.5099 0.8238 9.8459
-0.5099 0.7061 9.9243
-0.6276 0.6276 9.9636
-0.6276 0.7453 10.0028
-0.6276 0.7845 10.3166
-0.5099 0.8238 10.0812
-0.5492 0.5099 10.7481
-0.3138 0.5099 10.3166
-0.2746 0.5884 10.3558
-0.3923 0.7061 10.2774
-0.5099 0.5492 9.8066
-0.5492 0.7061 10.0420
-0.6276 0.8238 10.2774
-0.6276 0.7845 9.9243
-0.7453 0.9807 10.3166
-0.7061 0.9022 10.2381
-0.9022 0.8238 10.2774
-0.7845 0.9414 9.9243
-0.6669 0.7453 10.3558
-0.8630 0.7453 9.9636
-0.7453 0.6276 9.9636
-0.7845 0.6276 10.0028
-0.7061 0.9807 10.4735
-0.5884 0.9807 10.0812
-0.5099 0.8630 10.1989
-0.7061 1.0199 10.4343
-0.6669 1.2945 10.5127
-0.9807 1.2945 10.3950
-0.8238 1.2945 10.1989
-0.9022 1.3729 10.1597
-0.9414 1.3729 10.1597
-0.9807 1.2945 10.1205
-1.0591 1.4906 10.0420
-0.9807 1.4906 10.0812
-1.0983 1.7260 10.0812
-0.8238 1.6083 10.1205
-1.0591 1.7652 10.1205
-0.9414 1.6475 10.1597
-0.9022 1.5298 9.8851
-0.8238 1.5691 10.1205
-0.9414 1.6083 10.0420
-0.8630 1.6867 10.3166
-0.9807 1.5691 10.0420
-0.9414 1.3729 10.0420
-0.7061 1.2553 10.0812
-0.9807 1.2553 10.0028
-1.0983 1.2553 9.9243
-0.9807 1.3729 9.9636
-0.9022 1.4514 9.8851
-1.1376 1.6083 10.0420
-1.0591 1.6475 10.0028
-0.8630 1.6867 9.8851
-1.0199 1.6867 10.3166
-0.8238 1.6083 10.0812
-0.9807 1.2553 10.1205
-0.8630 1.6083 10.1597
-0.6669 1.7652 10.3558
-0.7845 2.1967 10.5127
-0.9022 2.0398 10.5127
-0.9807 2.0006 10.3558
-0.9414 1.6475 10.1597
-0.8630 1.6475 10.1597
-1.2553 2.4320 9.8851
-1.0199 2.5497 9.6497
-1.2945 2.4320 9.7674
-1.0591 2.6282 9.9243
-1.1768 2.2359 9.8459
-1.2553 2.4713 9.6497
-1.1376 2.5105 9.7282
-0.8630 2.0006 9.8851
-0.8238 -0.1961 10.3166
-0.7453 0.2746 10.3950
-0.8630 0.5884 10.7481
-0.6669 0.7061 10.5912
-0.9022 0.8630 10.3950
-0.6669 1.0591 10.5127
-0.7061 1.4122 10.4343
-0.6669 1.4906 10.4343
-0.6669 2.8243 9.2967
-0.9807 2.9812 9.4928
-0.6669 3.1774 10.1205
-1.5691 2.5890 9.5713
-0.9414 2.9420 8.7868
-1.0199 3.2558 8.9829
-1.0591 2.8243 8.9829
-0.6669 2.7066 9.3359
-0.5884 1.0199 10.2774
-0.6276 1.1376 10.5912
-0.5492 0.9022 10.5127
-0.3923 0.8238 10.4735
-0.3138 0.5884 10.2381
-0.2354 0.5492 10.3166
-0.2746 0.6276 10.5520
-0.3923 0.5492 10.4343
-0.3138 0.3138 10.1989
-0.1961 0.1569 10.1205
-0.1961 0.1569 10.1597
-0.3530 0.2354 10.1205
-0.4315 0.4315 10.0028
-0.5099 0.2354 10.0812
-0.5099 0.2354 10.0420
-0.4707 0.1961 9.8459
-0.9807 -0.1177 8.9829
-1.1768 -0.3530 8.5122
-1.3337 -0.8238 8.0807
-1.1768 -0.9022 7.7669
-1.0983 -1.0199 8.1591
-0.9022 -0.5884 8.5906
-0.8630 -0.3138 9.3359
-0.9414 -0.0000 9.8066
-0.5492 -1.2160 9.8459
-0.3138 -1.0591 10.2774
-0.6669 -0.9414 10.2381
-0.5492 -0.9022 10.3950
-0.3138 -0.5099 10.2774
-0.4707 -0.5884 10.1989
-0.6669 -0.8238 9.8066
-0.0392 -1.1768 10.0420
-0.0000 -2.4713 10.5912
-0.1177 -2.2359 10.6304
-0.2746 -1.8044 10.4343
-0.3923 -1.2553 9.9243
-0.1177 -1.1376 10.4735
-0.0785 -1.0591 10.5912
-0.2354 -0.9022 10.3950
-0.0392 -0.8630 10.6696
-0.1569 -1.0591 10.4343
-0.1961 -1.0591 10.5520
-0.0785 -1.2160 10.7873
-0.1569 -1.2160 10.7873
-0.1177 -1.8437 10.7089
-0.1177 -1.2945 10.4343
-0.1177 -0.9414 10.5520
-0.2746 -0.7453 10.3950
-0.0392 -0.6669 10.2381
-0.0392 -0.2746 10.1205
-0.2354 -0.1961 10.0812
-0.1961 -0.1177 10.1205
-0.1569 -0.1569 9.7674
-0.4315 -0.1569 9.8066
-0.5492 -0.0392 9.8459
0.1961 -0.6669 10.0420
0.1569 -1.2160 11.2188
0.1569 -1.3729 11.1011
0.1177 -1.3337 10.8265
0.1961 -1.0983 10.6696
0.2354 -0.4707 11.0619
0.0785 -0.1961 10.8658
0.0392 -0.0392 10.3950
0.1569 0.1177 10.6304
-0.0392 -0.4315 10.1989
-0.1961 -0.3138 10.1597
-0.0785 -0.4315 10.2381
-0.1177 -0.2746 9.7674
-0.2746 -0.1177 9.8459
-0.2746 0.1177 9.8851
-0.1961 0.6276 9.8066
-0.1961 0.7061 10.0028
-0.0000 -0.9807 10.7089
0.2354 -1.1376 10.7089
0.2354 -0.9414 10.4343
0.2354 -0.8238 10.5912
0.2746 -0.9807 10.5520
0.1961 -1.2160 10.4735
0.1961 -1.4514 10.4735
0.3923 -1.2160 10.4343
0.1177 0.1961 10.4343
0.1177 0.2354 10.3950
-0.0000 -0.0785 10.3950
0.0785 -0.3923 10.4735
0.1569 -0.4707 10.4343
0.2746 -0.7061 10.1205
0.2746 -0.6276 10.1989
0.2746 -0.5884 10.0812
0.3530 -0.5884 10.7873
0.2746 -0.5099 10.5912
0.1961 -0.2354 10.7089
0.1177 -0.3138 10.4735
0.1961 -0.3923 10.2774
0.1961 -0.4315 10.2774
0.1177 -0.6276 10.3166
0.2354 -0.5884 10.1989
0.0785 -1.0983 10.7481
-0.0000 -1.1376 10.5912
0.1961 -0.8630 10.6304
0.1177 -0.7061 10.3558
0.1177 -0.1569 10.1205
-0.1177 0.1177 10.1597
0.0392 0.2746 9.8459
-0.0785 0.3530 10.1597
-0.4707 -0.5884 10.3166
-0.3530 -0.3530 10.2381
-0.5099 -0.7061 10.3558
-0.5492 -0.9414 10.3950
-0.4707 -1.1768 10.3950
-0.6276 -1.0591 10.5912
-0.3530 -1.6475 10.3950
-0.2354 -2.3536 10.7873
-0.2746 -0.3530 9.8851
-0.3138 -0.0392 9.8459
-0.3138 0.2354 9.5321
-0.5099 0.5884 9.4144
-0.6276 0.7061 9.4144
-0.6669 0.5099 9.2575
-0.5884 0.4707 9.4536
-0.8238 0.2354 9.7282
-0.9414 -2.1182 10.6304
-0.9807 -1.7652 10.5912
-1.0983 -1.4906 10.6304
-1.0199 -1.3337 10.5127
-0.7845 -1.4122 10.7089
-0.5884 -1.3337 10.4343
-0.4707 -1.4906 10.4735
-0.3530 -0.8630 10.2774
-1.0983 0.1961 9.5713
-1.2160 -0.0000 9.8459
-1.1768 -0.0392 9.8851
-1.4906 -0.3923 9.6890
-1.2160 -0.8630 9.5321
-1.5298 -0.6669 9.6105
-1.7652 -0.4707 9.3752
-1.9221 -0.2746 9.8066
-1.4514 -0.1961 9.4144
-1.3729 -0.0392 9.2967
-1.2553 0.2746 9.2967
-1.4122 0.3530 9.3359
-1.3337 0.5492 9.3359
-1.4514 0.5492 9.5321
-1.4906 0.3138 9.7282
-1.5298 0.1177 9.7674
-1.4122 -0.7453 10.3950
-1.2553 -0.7061 10.3950
-1.0983 -0.1177 10.4343
-1.3729 0.2746 10.3950
-1.4122 0.8630 10.6304
-1.4122 1.1376 10.7481
-1.0591 0.8630 10.1597
-1.1376 0.6276 10.2381
-1.0199 0.3923 10.4735
-1.3337 0.4707 10.2381
-0.9807 0.5099 9.9243
-1.4122 0.6276 10.2774
-1.2553 0.1569 10.1989
-1.5298 0.1177 10.2381
-1.2945 0.1177 10.3166
-1.4906 0.4315 10.3558
-1.4122 1.0983 10.1597
-1.3729 1.0983 10.0028
-1.2553 1.2553 10.0420
-1.4906 1.0199 9.7674
-1.2945 0.9022 9.7282
-1.2553 0.5492 9.7282
-1.5298 0.2746 10.0028
-1.6475 0.0392 9.9636
-1.8437 0.4315 8.8260
-1.8437 1.0983 9.4536
-2.1967 1.0983 9.3752
-2.0398 1.0199 9.0613
-2.0006 0.9807 9.3359
-1.7652 0.7845 9.8066
-1.6867 0.4707 9.6105
-1.7652 0.7453 9.7674
-2.3928 0.6276 10.1989
-1.5298 0.1961 9.2967
-1.1376 -0.1961 9.8851
-1.5691 -0.7061 9.9243
-1.6475 -0.9807 9.5713
-1.9613 -0.6669 9.3359
-1.8829 -0.0392 9.8459
-1.7260 0.0392 10.0420
-1.2553 0.5884 9.7674
-1.6867 0.1961 9.9636
-1.4514 0.0392 9.8066
-1.6475 0.0392 9.9636
-1.7260 0.1961 9.8459
-1.7652 0.3530 9.8066
-1.9613 0.1961 10.0420
-1.8044 0.2746 9.9636
-1.6083 -0.2354 9.9636
-1.5691 -0.3923 10.0420
-1.6475 -0.2354 9.9243
-1.6083 -0.4707 9.9636
-1.6083 -0.1569 9.9243
-1.6083 -0.2746 10.2381
-1.5691 -0.3530 10.1597
-1.5691 -0.1177 10.3558
-1.4514 -0.1961 10.4735
-1.3729 -0.1569 10.3166
-1.3337 -0.3138 10.4735
-1.2945 -0.3138 10.4343
-1.1768 -0.0785 10.5912
-1.1768 -0.2354 10.5127
-1.0199 -0.2746 10.5520
-1.1768 -0.0785 10.4735
-1.2945 -0.5099 10.0028
-1.5298 -0.5492 10.2774
-1.4122 -0.4315 9.6497
-1.3337 -0.5492 10.1989
-1.1768 -0.9414 10.3166
-0.9022 -0.6276 10.8265
-2.0006 -0.0000 10.2774
-1.1376 -0.2354 9.8851
-1.4122 -0.1177 9.8851
-1.1768 -0.0392 9.7282
-1.4514 0.1961 10.1205
-1.5298 0.5884 10.1989
-1.4906 0.6669 10.2381
-1.6475 0.5099 10.0420
-1.5298 0.6276 10.0028
-1.4906 0.3530 9.8851
-1.4906 -0.7061 9.9636
-1.3337 -0.7845 10.0420
-1.3337 -0.5884 10.1597
-1.2945 -0.6669 10.0812
-1.2160 -0.3530 10.3558
-1.2160 -0.2354 10.4343
-1.2160 0.0785 10.0812
-1.2553 0.0392 10.1989
-1.4122 0.1961 9.9243
-1.4514 -0.4707 9.7674
-1.4514 -0.6669 9.6890
-1.1376 -0.5884 9.8459
-1.1768 -0.5884 9.8066
-1.2160 -0.5099 9.9243
-1.2553 -0.3923 9.8066
-1.2945 -0.1569 9.6497
-0.9807 2.5497 10.0028
-1.0199 2.3536 9.9636
-1.0591 1.6475 9.8851
-0.8630 1.0983 9.9636
-0.6669 0.7453 10.1989
-0.6669 0.7845 10.0028
-0.7845 0.4707 10.1205
-0.6276 0.1569 10.3950
-0.6669 -0.9807 10.2774
-0.6669 -1.2160 9.9636
-0.7061 -1.4122 9.9243
-0.7453 -1.4514 9.8459
-0.8630 -1.4514 9.4536
-0.7453 -1.6083 9.2183
-0.6276 -1.6083 9.4928
-0.6276 -1.3729 10.0812
-0.5099 0.3923 10.0812
-0.5492 0.3138 10.0420
-0.5884 0.3138 9.8851
-0.6276 0.3138 9.8851
-0.3923 0.2354 10.0420
-0.4707 0.1177 10.0420
-0.4315 -0.1569 9.9636
-0.4707 -0.3530 9.8459
-0.3923 -1.4514 10.3950
-0.2354 -1.3337 10.4735
-0.3530 -1.1376 10.3950
-0.3138 -1.0591 10.4343
-0.2354 -0.7453 10.4735
-0.3138 -0.7453 10.3558
-0.1177 -0.4707 10.6696
-0.2746 -0.5884 10.4343
-0.0392 0.1177 10.6304
-0.1569 -0.0392 10.3166
-0.0785 0.1177 10.8265
-0.0000 0.0392 11.1404
-0.3530 0.4315 10.8658
-0.1177 -0.0000 10.6304
-0.2746 -0.1569 10.4735
-0.4315 -0.2354 10.0812
-0.0785 1.1376 10.1205
-0.4315 1.0199 9.8459
-0.1177 0.6669 9.6497
-0.1569 0.3138 9.5321
-0.5099 0.4315 9.2575
-0.8238 -0.0392 9.1790
-0.5884 -0.3138 9.1398
-0.3530 -0.4315 9.2575
-0.5099 -0.9414 9.9636
-0.3530 -1.1376 10.1205
-0.5099 -1.1376 9.9636
-0.3923 -1.2553 10.0028
-0.4315 -1.1376 9.9636
-0.3923 -0.9022 10.0028
-0.2746 -1.1768 10.1205
-0.4707 -1.0983 9.2183
-0.0000 -0.4315 10.1989
0.0392 -0.0785 10.0812
0.2354 0.1177 10.0028
0.1177 0.3923 9.8066
-0.0000 0.6276 9.8066
0.2354 0.3923 9.7282
0.2354 0.3923 9.9636
0.1569 0.5884 10.1989
0.5099 -0.5099 10.4735
0.7061 -0.1177 10.6304
0.5884 -0.0785 10.6304
0.7061 0.3138 10.4735
0.7061 0.6669 10.3558
0.4707 0.7061 10.5127
0.3923 0.2746 10.4735
1.0591 0.1177 10.9834
0.5492 0.3138 9.8851
0.6276 0.3530 10.1597
0.5099 0.0392 10.0420
0.7845 -0.2354 10.3166
0.6276 -0.0785 10.4343
0.6276 0.1569 10.2774
0.5492 0.2746 10.0812
0.6276 0.3530 10.2774
0.9022 0.5492 11.4934
0.9414 0.2746 11.3757
0.8238 0.3138 11.4149
1.0199 0.2746 10.9834
0.8630 0.1569 11.4542
0.9807 0.0785 11.0619
1.0983 0.3530 11.0227
1.4122 1.4122 11.1404
0.8238 0.0392 11.2580
0.8630 0.1569 11.1404
0.8630 0.1177 10.9834
0.6669 0.3138 10.8658
0.6669 0.5492 10.4735
0.7061 0.5492 10.2381
0.4315 0.3138 10.1597
0.7845 0.1177 10.0420
0.6669 0.9807 10.1989
0.7061 0.8630 10.3558
0.6669 1.1376 10.3950
0.5884 1.2945 10.5127
0.4707 1.0591 10.3166
0.4707 0.5884 10.0420
0.4315 0.5099 10.0028
0.1177 0.5492 9.9243
0.4707 -0.0000 10.3166
0.4707 0.3138 10.0420
0.5492 0.3138 9.9243
0.9022 0.2746 10.6304
0.5492 -0.0000 10.4343
0.4315 0.0785 10.3950
0.8238 0.3138 10.3950
0.7845 0.5099 10.3950
0.7061 -0.0000 10.6304
0.4707 -0.0000 10.7873
0.5099 -0.0392 10.6304
0.7061 -0.0785 10.5912
0.7061 -0.1961 10.4735
0.5492 -0.0785 10.4735
0.7453 -0.1177 10.4735
0.5884 -0.1177 10.7089
0.3530 -0.0785 10.1597
0.1569 -0.0785 10.3950
0.4315 0.1569 10.3558
0.3138 0.5884 10.3166
0.3923 0.6669 10.1205
0.1961 0.5099 10.1597
0.3530 0.3923 10.1597
0.1569 0.0785 10.2381
-0.0785 -0.0785 10.3950
-0.0392 -0.4315 10.2381
-0.2354 -0.8630 10.3950
-0.0000 -0.9414 10.3950
0.0392 -1.2160 10.4343
-0.0000 -0.9414 10.4343
-0.0000 -0.9807 10.1205
0.0785 -0.9414 9.9243
-0.2746 0.0392 9.2183
-0.2354 0.1177 9.1790
-0.0392 -0.0000 9.6890
-0.5099 0.2354 9.4928
-0.7061 0.0392 8.9829
-0.4707 0.0392 8.8260
-0.4315 -0.3138 9.1790
-0.4707 -0.5099 9.2575
-0.0000 0.0392 10.1205
-0.1961 0.2354 10.3558
-0.1961 0.3923 10.2381
-0.1569 0.6669 10.3950
-0.3138 0.2746 10.3950
-0.2746 0.0785 10.6696
-0.1177 0.1177 10.5127
-0.1177 0.1177 10.3950
-0.4315 1.0591 9.9243
-0.4707 1.0199 10.2381
-0.5492 0.8238 10.1989
-0.5492 0.5884 10.2381
-0.7061 0.5884 10.2774
-0.7061 0.4707 10.1989
-0.6276 0.0785 10.3166
-0.9022 -0.0392 10.0028
-0.4707 0.9414 10.2381
-0.3923 1.2553 10.0420
-0.6669 1.0983 10.2774
-0.4315 1.2945 9.9636
-0.5099 1.5691 10.1205
-0.6276 1.6083 10.3166
-0.6669 1.7652 10.3950
-0.7061 1.5691 10.2381
-1.2160 -0.5099 10.4735
-1.0591 -0.3138 10.3558
-0.9022 -0.1569 10.5912
-0.8630 -0.0392 10.3166
-0.5492 0.4707 10.2774
-0.7845 0.6669 9.9636
-0.7061 0.9414 9.8066
-0.7845 0.9414 9.9243
-1.1376 -0.1961 10.1597
-0.9022 -0.1177 10.3950
-1.1376 -0.1961 10.4343
-0.8630 -0.1569 10.5912
-1.0983 -0.4315 10.4735
-0.9807 -0.1961 10.5127
-0.5492 0.1177 10.7089
-0.8238 0.1177 10.1989
-0.9414 0.9807 10.1205
-1.0983 0.8630 10.3166
-1.2160 0.6276 10.1597
-0.9807 0.5884 10.3558
-1.0591 0.6276 10.2774
-0.9807 0.5884 10.5127
-1.2945 0.3138 10.1989
-1.0983 0.3138 10.3166
-1.2945 0.6669 9.8459
-1.4906 0.9807 9.8459
-1.6083 1.0983 10.4343
-1.9221 1.2553 9.8459
-1.6083 1.2160 9.4144
-1.8437 1.2945 9.3359
-2.0790 1.0591 9.1790
-1.8829 1.1376 9.4928
-2.1182 2.4320 9.1790
-1.8437 2.4713 9.2183
-2.0006 2.4320 9.2967
-1.8044 2.4713 9.6890
-1.9221 2.2751 9.5321
-1.6475 2.3536 9.2967
-1.7260 2.3928 9.5713
-1.1376 2.5105 10.7873
-1.5298 1.0199 10.1989
-1.4514 0.6669 10.2381
-1.6083 0.5884 10.0812
-1.4514 0.3923 9.9636
-1.3729 0.3138 10.0028
-1.6083 0.3138 9.8851
-1.4906 0.3923 10.0420
-1.6083 0.6276 9.6105
-1.4514 1.4122 9.8459
-1.4122 1.6475 9.8459
-1.3337 1.6867 9.8459
-1.4122 1.8044 9.9636
-1.2945 1.8437 9.9636
-1.3337 1.6867 9.9243
-1.3729 1.1376 9.8459
-1.2160 0.7453 9.9636
-1.4122 -0.2746 9.7282
-1.4514 -0.1961 9.6497
-1.2945 -0.4315 10.0420
-1.2945 -0.3138 9.9636
-1.4122 -0.5492 10.0028
-1.2945 -0.6669 10.0812
-1.1768 -0.8238 10.1597
-1.2945 -0.9022 10.3166
-0.8238 -0.0785 10.9834
-0.9414 -0.1961 10.8658
-0.8630 -0.1569 10.8265
-0.8238 -0.0392 10.6696
-0.7061 0.0392 10.9050
-0.7845 0.2746 10.9050
-0.9022 0.4315 10.7089
-0.8630 0.6276 10.7481
-1.1376 0.1177 10.1597
-1.2945 -0.0785 10.1597
-1.0983 -0.2354 10.1205
-1.1768 -0.2746 10.2381
-1.3729 -0.0785 10.0812
-1.2160 -0.0785 10.0812
-1.1768 -0.1177 10.1205
-1.2553 -0.0785 10.1597
-1.1768 0.2354 10.2774
-1.1376 0.1177 10.4735
-1.0983 -0.0000 10.2381
-0.7845 -0.0392 10.1989
-1.0983 0.1177 10.0812
-0.9807 -0.0000 10.0028
-1.0591 0.1961 10.2381
-1.1768 0.3138 9.8851
-1.1376 0.1177 9.9243
-1.2945 0.0392 9.8066
-1.3337 0.0392 9.7282
-1.2553 0.2746 9.7674
-1.4122 0.2746 9.6890
-1.2945 0.1177 10.0812
-1.0983 0.1961 10.0812
-1.2553 0.1961 10.1597
-1.1768 0.4707 10.1989
-1.4514 0.3923 10.0812
-1.2553 0.1569 10.0420
-1.4122 0.1569 10.0420
-1.4122 0.1961 10.1205
-1.0983 0.2354 9.8066
-1.2945 0.3923 10.1205
-1.3337 0.3923 10.3166
-0.9022 -1.4514 10.0028
-0.9022 -1.3337 10.1205
-0.8630 -1.1376 10.4343
-1.0983 -0.8238 10.4735
-1.4122 -0.2354 10.3558
-1.0591 -0.5492 10.5127
-1.2553 -0.6669 10.5520
-1.3337 -0.9414 10.4343
-1.3337 -3.1381 9.7282
-1.1376 -3.3343 9.7282
-1.5691 -2.9028 9.6890
-1.6867 -2.4713 9.8459
-1.6475 -2.4713 9.3752
-1.9221 -2.3536 9.4536
-1.8829 -2.2359 9.2575
-1.8044 -1.9613 9.2967
-1.3337 -2.3144 10.8265
-1.3337 -2.4713 11.1011
-1.2945 -2.5890 11.0227
-1.3337 -2.7459 10.7481
-1.2945 -2.8635 10.5912
-1.4122 -2.7851 10.6304
-1.1768 -3.7265 9.1398
-1.3729 -2.1967 11.1796
-1.8044 -4.3934 7.6100
-1.7652 -4.3934 7.6492
-1.6475 -4.2757 7.8061
-1.6867 -4.4326 7.5315
-1.8044 -4.5111 7.4138
-1.6475 -4.9033 7.4138
-1.5691 -5.0602 7.7276
-1.3729 -5.2564 7.4531
-1.5298 -6.9039 6.9431
-1.4514 -6.9823 6.6293
-1.8829 -6.4332 6.6293
-0.6669 -8.1984 7.1392
-1.0983 -8.1591 7.1785
-1.1768 -8.1199 6.9039
-1.0591 -8.3553 6.4724
-1.0591 -8.6691 6.3547
-1.1768 -8.7868 4.9033
-1.0199 -8.4729 4.7464
-0.7061 -8.1199 5.6486
-1.3337 -8.7083 5.5702
-1.1768 -8.7868 5.2171
-1.0199 -8.8260 5.5702
-1.0591 -8.6299 5.5310
-0.9022 -9.4536 4.9033
-0.9022 -9.7674 4.0011
-0.6669 -9.4536 4.0796
-0.7453 -9.3752 4.3934
-0.7453 -9.0613 4.1188
-0.8238 -9.0613 4.2365
-0.7845 -8.7868 4.1188
-0.9022 -8.5122 3.9227
-0.9022 -8.4729 3.7658
-0.9414 -9.2183 3.2558
-0.9022 -9.4536 3.2950
-0.9807 -9.4928 3.0989
-0.9414 -9.5321 3.2950
-0.9022 -9.5713 3.6873
-0.8630 -9.6497 3.7265
-0.8630 -9.7282 3.6088
-0.7453 -9.9243 3.9227
-0.3530 -8.5122 4.6287
-0.6276 -8.5906 4.6680
-0.9022 -9.1006 4.5895
-0.7061 -9.6105 4.0796
-0.9807 -9.6105 4.1972
-0.6669 -9.5321 4.0796
-0.8630 -9.4144 4.1580
-0.7061 -9.5713 4.2365
-0.9414 -8.0415 5.6879
-0.9022 -8.1199 5.7663
-0.8630 -8.1984 5.8055
-1.0983 -7.9238 5.7663
-1.2160 -7.7669 6.1193
-1.1376 -7.4531 5.4525
-0.8630 -7.2177 6.2763
-0.9807 -7.0216 6.3547
-1.4906 -5.5702 8.0022
-1.4122 -5.5310 8.2768
-1.3337 -5.6486 8.5122
-1.1376 -5.9232 8.5122
-1.3337 -5.8840 8.4337
-1.0983 -5.9232 8.3160
-1.5298 -6.0017 8.0022
-1.6475 -5.6879 7.9630
-0.4707 -0.3923 9.6497
-0.5099 -0.5884 9.7674
-0.7453 -0.7845 9.6497
-0.8238 -0.7845 9.7674
-0.9022 -1.3337 9.4536
-1.0199 -1.6867 9.5713
-1.0591 -2.0006 9.3752
-0.9414 -2.2359 9.3752
-0.1177 -1.9221 9.8066
-0.0392 -1.2945 10.1989
-0.0392 -0.8238 10.1205
0.1961 -0.5099 10.1989
0.3923 0.0392 10.2381
0.4315 0.0785 10.6696
0.4315 0.1569 10.7873
0.5099 -0.1569 11.0227
-0.1177 0.3923 10.2381
0.0392 0.3923 10.1989
0.2746 0.8630 10.6304
0.2354 1.6083 10.7089
0.2746 2.0398 11.0619
0.3530 2.1575 10.9442
0.4315 2.4320 11.1011
0.5884 2.7459 11.2188
0.2354 3.3735 9.6497
0.0785 3.4912 9.7674
-0.0000 3.4912 9.9243
0.0392 3.3735 9.8851
0.1961 3.0597 10.0028
-0.0392 2.8635 9.7674
0.1569 2.7066 9.8851
0.1177 2.7066 10.2774
-0.0392 3.5696 9.5321
-0.0392 3.6873 9.1006
-0.0000 3.8442 9.1790
0.0392 3.9227 8.9044
-0.1569 3.9619 8.9437
0.0785 4.0011 8.9437
0.2354 4.1580 9.1006
0.1569 4.3149 9.0221
0.1961 4.7464 8.4729
0.0392 5.4525 8.3945
0.1961 5.9624 8.6299
0.0392 6.3155 8.6691
-0.1177 6.0801 7.8453
0.0785 6.2763 8.0022
0.4707 6.2763 7.8061
0.1569 6.3547 7.5707
-0.0000 7.2177 6.7862
0.1177 7.5707 7.4138
0.2354 7.7669 7.0216
0.2746 7.5315 6.9823
0.5099 7.5315 6.8647
0.3138 7.7669 6.5901
0.6276 8.1591 6.7862
0.3138 7.3354 6.1978
0.3138 8.0022 6.0409
0.2746 8.1984 6.0017
0.1569 8.3160 6.1193
0.1177 8.4729 5.9624
-0.0785 8.7868 6.1978
0.1569 8.7475 5.7663
0.4315 8.4729 5.4917
0.1177 8.2768 5.4133
-0.0392 8.3553 5.0210
-0.2354 8.4729 4.8641
-0.2354 8.3160 4.8249
0.1569 8.3945 4.9033
-0.0000 8.1591 4.9426
-0.1961 8.0415 4.9818
-0.0392 8.0415 4.9818
0.0785 8.5906 5.0602
-0.0000 9.1398 5.4133
-0.0392 8.9829 5.1779
0.0392 8.7868 5.0210
0.0392 8.7868 5.2956
0.0392 8.6299 5.0210
0.1177 8.6691 4.7856
-0.0000 8.6299 4.8249
0.0392 8.8652 4.7072
-0.0392 9.2183 5.5702
-0.0785 9.4536 5.8055
-0.0392 9.4144 5.6486
-0.2746 9.5321 5.9232
-0.1961 9.4536 6.1978
-0.2746 9.6497 6.0801
-0.1961 9.8066 6.2763
-0.5099 9.8851 6.1978
0.1961 6.6293 6.4724
0.3138 6.5116 6.9431
0.0392 6.3155 7.0216
-0.2746 6.0409 7.4531
-0.1177 6.1193 7.6100
-0.1961 5.8840 7.9238
-0.0000 5.4133 7.8453
-0.1961 5.7663 8.3160
-0.0000 5.8448 9.0613
-0.3530 6.1193 9.1006
-0.6276 5.6486 8.8652
-0.5884 5.9624 8.9437
-0.5099 6.1978 9.0613
-0.5884 6.0801 8.5122
-0.6276 6.1586 8.2768
-0.7845 6.0017 8.5906
-0.5099 3.0989 9.6890
-0.7845 3.1774 9.4144
-0.8238 2.9812 9.8066
-0.7061 2.7851 9.8066
-0.5884 2.9028 9.8851
-0.4707 3.2558 10.3558
-0.4707 3.4519 10.3166
-0.5492 3.0989 10.6696
-1.2160 2.3144 9.2183
-1.2160 1.9613 9.1790
-0.9807 1.6867 9.1398
-0.7845 1.5298 9.4144
-1.1768 0.8630 9.7674
-1.0591 0.3530 9.8066
-0.9807 -0.0000 9.8851
-0.6669 -0.2354 9.8851
-0.9022 -1.0983 9.2183
-1.2553 -1.0983 8.9437
-1.0591 -1.2553 8.9437
-1.0199 -1.4122 8.8260
-1.1768 -2.0790 8.4337
-1.1768 -2.7066 8.5122
-1.2160 -3.4912 8.6299
-1.0983 -3.8442 8.6299
-0.4707 -4.3542 8.9437
-0.7061 -4.1188 8.9044
-0.7061 -3.9619 8.4337
-0.8238 -4.0796 8.3945
-0.7061 -4.1972 8.0807
-0.6276 -3.9227 8.0415
-0.5492 -3.8050 8.2376
-0.7061 -3.8834 8.3945
-0.4707 -6.9431 8.2768
-0.3530 -6.6293 8.1199
-0.4707 -6.4332 8.1199
-0.3530 -6.3155 8.3553
-0.3530 -6.1193 8.2376
-0.3138 -6.1193 8.1199
-0.3530 -6.3939 7.8453
-0.3138 -6.5508 7.5707
-0.5099 -7.3746 6.7470
-0.4707 -7.3746 7.0216
-0.4707 -7.2569 7.0608
-0.4315 -7.2961 6.9431
-0.5492 -7.3746 6.9039
-0.5884 -7.4923 6.6685
-0.5099 -7.8453 6.6685
-0.2746 -8.0415 6.7862
-0.1177 -8.1199 6.6685
-0.1961 -8.0022 6.8647
-0.2746 -8.1984 6.6293
-0.3530 -8.1984 6.2763
-0.0000 -8.0415 6.4724
-0.2746 -7.9238 6.3547
-0.3138 -7.8845 6.0409
-0.4315 -7.7669 5.6094
-0.7845 -7.7669 5.2564
-0.5099 -7.8845 5.1779
-0.6669 -8.0807 5.1387
-0.7061 -8.3160 4.9033
-0.5884 -8.3945 5.1779
-0.7453 -8.2376 5.2564
-0.5884 -8.2768 5.2956
-0.4315 -8.2768 5.6486
-0.1569 -8.2768 6.0409
-0.1961 -8.5122 6.1586
-0.0000 -8.1984 6.3939
0.0392 -8.0022 6.3547
-0.0785 -8.1591 6.4724
-0.2354 -8.3553 6.3939
-0.3530 -8.4337 6.2763
-0.2354 -8.5122 6.3547
-0.3923 -8.3553 6.8647
-0.3530 -7.9630 6.7862
-0.3923 -7.7276 7.1000
-0.4315 -7.2569 7.1785
-0.3923 -6.7470 7.3746
0.0785 -5.9624 7.7669
0.0785 -5.0995 7.9238
-0.1569 -4.7856 8.4729
-1.2160 -4.0796 8.4337
-1.0983 -3.9619 8.3553
-1.1768 -3.6873 8.5122
-1.2553 -3.6481 8.1591
-1.4906 -3.6481 8.1591
-1.3729 -3.4519 7.8061
-1.2945 -2.7459 8.0807
-1.2553 -2.4713 8.1199
-0.7453 -1.3729 10.2774
-0.9022 -1.0591 10.3950
-0.9807 -1.0199 10.4343
-1.0591 -0.9022 10.3558
-0.8238 -0.9414 10.3950
-0.8238 -0.9022 10.2774
-1.0199 -0.8238 10.0420
-0.9807 -0.4315 9.8851
0.0392 2.0398 10.9442
-0.0000 1.5691 10.9834
-0.1177 0.7845 11.0619
-0.0785 0.2746 10.9442
0.1569 -0.0000 10.9050
-0.0392 0.0785 10.9050
-0.3138 0.0392 10.9442
-0.0392 -0.0000 10.8265
-0.1961 1.4514 10.0420
-0.1569 1.4906 10.0812
-0.1961 1.5298 9.7674
-0.3923 1.6475 9.5713
-0.1569 1.3337 9.6105
-0.0392 0.9022 9.6105
0.0785 1.1768 10.1597
0.2746 1.6083 10.1205
0.1569 2.7851 9.7282
-0.1177 3.0204 9.6105
-0.1961 3.5304 9.5321
0.0785 3.8442 9.4928
-0.3138 4.1188 9.2967
-0.5099 4.1188 8.9829
-0.4315 4.4326 8.7475
-0.8630 4.5895 8.2768
-0.3530 5.0995 8.7083
-0.3138 5.0995 8.9829
-0.4707 5.1387 9.1398
-0.2746 5.4133 9.1398
-0.4315 5.5310 9.0613
-0.3138 5.5702 8.5514
-0.5099 5.2956 8.0807
-0.5099 5.0602 7.6884
-0.5884 6.0409 7.3746
-0.7453 5.9232 7.0608
-0.8238 6.1586 7.2961
-0.8630 6.1586 7.1000
-0.8238 6.3155 7.1785
-0.7061 6.4332 6.9039
-0.7453 6.3939 6.6685
-0.7061 6.5508 6.9823
-0.0785 7.8453 9.0613
-0.0785 8.1984 8.8652
0.0785 7.6492 8.8260
-0.0000 6.7077 8.7475
0.1961 6.5116 8.5122
0.3138 6.2370 8.4337
0.1177 6.4332 7.7669
0.0785 6.5901 7.2569
-0.1569 7.6100 6.7470
-0.1177 7.7669 6.5508
-0.0392 7.6492 6.6685
-0.0000 7.5315 6.6293
-0.1177 7.8453 6.9039
-0.1569 8.3945 6.8647
-0.3923 8.5122 6.6293
-0.0392 8.5514 6.4724
0.1177 8.4729 6.9039
0.1569 8.4729 7.2177
0.2354 8.3945 7.1392
0.0785 8.1984 6.7862
-0.0392 8.1591 7.0608
0.1961 7.7669 6.7470
0.1569 7.6492 6.5901
0.1177 7.5315 6.7077
-0.1961 7.6492 7.8061
-0.2746 7.6884 8.0415
-0.2354 7.7276 8.0022
-0.2746 7.6100 8.3160
0.1177 7.2961 8.2376
0.3530 6.5901 8.0807
0.3923 6.1193 7.9238
0.1569 6.3155 8.0415
-0.3138 6.2370 7.8453
-0.3138 5.8448 7.8845
-0.2354 5.4525 7.6884
-0.2354 5.0602 7.7276
-0.2354 4.9818 8.0415
-0.1961 5.2171 8.1591
-0.4315 5.2171 8.5514
-0.5492 5.1779 8.6691
-0.5099 4.4718 8.9829
-0.7453 4.3542 8.7868
-0.7453 4.1188 9.0613
-0.5884 3.8442 9.1398
-0.5099 3.6088 8.9044
-0.5884 3.0204 9.1006
-0.8630 2.9420 9.4536
-0.5099 2.9028 9.6105
-0.7845 1.7652 10.0420
-0.4707 1.3729 10.2381
-0.4707 1.2553 10.2381
-0.3923 0.9414 10.1989
-0.4315 0.8630 10.1597
-0.4707 0.5492 10.3166
-0.5884 0.2746 10.1597
-0.5884 0.0785 10.0812
-0.8238 0.2746 9.6497
-0.9807 0.0785 9.7282
-0.6276 0.1177 9.7282
-0.6276 0.1961 9.8851
-0.5884 0.2354 10.1205
-0.9022 0.0392 10.3558
-0.8238 -0.1569 10.5127
-0.7061 -0.2354 10.3166
-0.9807 -0.5492 10.5520
-0.9022 -0.7061 10.3166
-0.7845 -0.6276 10.0028
-0.7453 -0.4315 10.2774
-0.6669 -0.5492 10.2774
-0.7845 -0.1961 10.2774
-1.0591 -0.3923 10.0420
-1.1376 -0.1961 10.1205
-1.5691 -2.1967 9.3752
-1.4514 -2.6282 9.6497
-1.4906 -2.6674 9.6890
-1.1768 -2.7459 9.5713
-1.1768 -2.5890 9.6497
-1.2553 -2.6282 9.6105
-1.5298 -2.6674 9.7674
-1.4514 -2.7459 9.6105
-1.2945 -2.3144 9.4536
-1.3729 -2.2359 9.7674
-1.2160 -2.3536 9.5321
-1.0591 -2.3536 9.0221
-1.1768 -2.4713 9.2183
-1.3729 -2.4713 9.2183
-1.2945 -2.1575 9.3359
-1.1376 -2.2359 9.4928
-0.7453 -2.7851 10.0028
-0.9807 -2.6282 10.2381
-0.8238 -2.5497 10.2774
-0.8238 -2.5105 10.1597
-0.8238 -2.3536 10.2381
-0.9414 -2.2359 10.3166
-0.7061 -2.3144 10.3950
-0.7453 -2.1182 10.3558
-1.1768 -1.9221 10.1205
-1.0199 -1.8437 10.1989
-0.9414 -1.6083 10.0812
-1.0591 -1.6867 9.7674
-1.0591 -1.5691 9.9636
-1.1376 -1.4122 10.1597
-1.0591 -1.3729 10.0812
-1.0591 -1.5298 10.0028
-1.3337 -1.4122 10.0028
-1.0199 -1.4122 10.0812
-1.0983 -1.7260 9.9636
-0.9414 -1.3729 10.0812
-1.0983 -1.2945 10.1597
-1.1376 -1.3729 10.1989
-1.1768 -1.8044 10.2774
-1.1376 -1.7260 10.1989
-0.9807 -1.7260 10.0420
-1.0591 -1.7652 10.0420
-1.1376 -1.6083 9.8851
-1.0591 -1.5691 10.0420
-1.2160 -1.4906 9.7674
-1.1376 -1.4122 9.9636
-1.0199 -1.3729 9.8851
-1.1768 -1.4122 9.8459
-1.1768 -1.3729 9.8459
-1.2160 -1.4906 9.8066
-1.2160 -1.4906 9.8851
-1.1768 -1.5298 9.7282
-1.2945 -1.6083 10.0028
-1.2160 -1.4122 10.0420
-1.1768 -1.3729 10.0420
-1.2160 -1.4906 9.7674
-1.0983 -1.4514 10.0028
-1.2553 -1.4514 10.0420
-1.0983 -1.5298 10.0028
-1.0983 -1.5298 10.2381
-1.0591 -1.5691 10.1205
-1.1376 -1.5298 10.1205
-1.2160 -1.2945 10.5127
-1.2160 -1.2160 10.2381
-1.0591 -1.2553 10.1597
-1.1376 -1.4514 10.1205
-1.2553 -1.5691 9.9243
-1.3729 -1.4122 9.8459
-1.2553 -1.4906 9.8851
-1.2945 -1.3729 9.9243
-1.2553 -1.4514 10.1597
-1.4122 -1.4122 9.8459
-1.2945 -1.2160 9.6105
-1.4122 -1.2160 9.7282
-1.4122 -1.2553 9.5713
-1.2553 -1.0983 10.0420
-1.2553 -1.2553 9.9636
-1.4514 -1.2160 10.0812
-1.1768 -1.2553 10.0812
-1.3729 -1.4514 10.0420
-1.2945 -1.3729 10.0812
-1.3337 -1.4514 9.9243
-1.2160 -1.5298 9.9636
-1.3729 -1.4906 10.0420
-1.5298 -1.3729 9.9636
-1.2945 -1.2945 10.0812
-1.2945 -1.3337 10.0812
-1.2160 -1.2553 9.8851
-1.1376 -1.2945 9.9636
-1.3337 -1.4514 9.8459
-1.3729 -1.3729 9.9636
-1.2553 -1.3729 9.8851
-1.2160 -1.3729 9.9243
-1.3337 -1.4906 10.0812
-1.2160 -1.2553 10.1597
-1.4122 -1.2945 10.1989
-1.1376 -1.4122 10.0420
-1.3337 -1.3337 10.1205
-1.2160 -1.2945 10.1989
-1.1376 -1.1768 10.0812
-1.2553 -1.2160 10.2774
-1.2553 -1.2945 10.1989
-1.4122 -1.3729 10.1205
-1.0983 -1.2160 10.3166
-1.2553 -1.5298 10.6696
-0.9807 -1.5298 10.7873
-1.1376 -1.4122 10.6696
-1.0983 -1.7652 10.7089
-1.2160 -1.4122 10.7873
-1.0983 -1.4122 10.6304
-1.1768 -1.4122 10.5520
-1.1376 -1.1768 10.8658
-1.4514 -1.2160 10.9834
-1.5298 -1.0591 11.0227
-1.6867 -1.0591 10.9050
-1.6083 -0.9022 11.0227
-1.6867 -0.7453 11.1011
-1.7260 -0.5884 11.0619
-1.6475 -0.6276 10.7873
-1.6867 -0.3923 10.9442
-2.2751 -0.0785 10.9834
-2.1967 -0.1569 10.9442
-2.4320 -0.5492 10.4735
-2.5105 -0.5099 10.5520
-2.5890 -0.4707 10.4343
-2.7459 -0.4707 10.4343
-2.7066 -0.3530 10.4735
-2.6282 -0.3138 10.3558
