-0.4268 -1.8550 -0.2162
-0.4962 -1.6732 -0.1400
-0.5250 -1.5136 -0.0922
-0.5307 -1.4901 -0.0535
-0.4522 -1.5317 0.0005
-0.4261 -1.5783 0.0008
-0.4389 -1.6066 -0.0396
-0.4794 -1.6260 -0.1020
-0.5208 -1.0576 -0.3957
-0.4206 -1.0880 -0.3722
-0.3508 -1.1005 -0.3404
-0.2274 -1.1015 -0.3309
-0.1478 -1.1438 -0.3329
-0.1177 -1.1721 -0.3231
-0.1101 -1.1602 -0.3196
-0.1681 -1.1619 -0.3048
-0.1936 -1.1642 -0.1194
-0.1501 -1.2028 -0.1127
-0.1452 -1.2139 -0.1080
-0.1782 -1.2121 -0.1064
-0.2220 -1.2054 -0.1106
-0.2705 -1.2084 -0.1061
-0.2844 -1.1887 -0.0738
-0.2599 -1.1551 -0.0531
-0.2837 -1.1965 0.0273
-0.3619 -1.1861 0.0064
-0.4026 -1.1784 -0.0276
-0.4414 -1.1916 -0.0446
-0.4270 -1.1895 -0.0565
-0.3639 -1.1344 -0.0602
-0.3001 -1.0533 -0.0673
-0.2130 -1.0186 -0.0877
-0.3343 -0.4488 -0.1396
-0.3280 -0.3994 -0.1330
-0.3147 -0.3792 -0.1364
-0.3077 -0.3438 -0.1151
-0.2970 -0.2848 -0.1107
-0.2789 -0.2395 -0.1040
-0.2929 -0.1915 -0.0762
-0.2865 -0.1376 -0.0673
-0.1985 0.2334 -0.0194
-0.1520 0.2320 -0.0215
-0.1243 0.2445 -0.0308
-0.0809 0.2860 -0.0188
-0.0052 0.3103 -0.0162
0.0322 0.3086 -0.0081
0.0837 0.2841 -0.0090
0.1109 0.2718 -0.0154
-0.0115 0.1512 -0.0857
-0.0199 0.1576 -0.0860
-0.0344 0.1724 -0.0968
-0.0452 0.1842 -0.0991
-0.0518 0.1959 -0.1006
-0.0342 0.2049 -0.1005
-0.0113 0.2112 -0.0899
-0.0066 0.2210 -0.0799
0.0913 0.1695 -0.0553
0.0838 0.1878 -0.0531
0.0858 0.1990 -0.0451
0.1002 0.1988 -0.0461
0.0881 0.1949 -0.0515
0.0953 0.1874 -0.0541
0.1000 0.1871 -0.0576
0.1129 0.1889 -0.0536
0.0724 0.2498 -0.0318
0.0464 0.2828 -0.0338
0.0226 0.3074 -0.0341
0.0154 0.3180 -0.0385
-0.0017 0.3276 -0.0000
-0.0231 0.3404 -0.0345
-0.0318 0.3526 -0.0272
-0.0206 0.3525 -0.0116
0.1549 0.6109 0.0411
0.1503 0.6410 0.0484
0.1437 0.6515 0.0525
0.1400 0.6698 0.0560
0.1449 0.6865 0.0495
0.1515 0.7078 0.0481
0.1483 0.7156 0.0414
0.1628 0.7291 0.0444
0.3751 0.8656 -0.0244
0.3754 0.9096 -0.0217
0.3893 0.9713 -0.0266
0.3830 1.0258 -0.0142
0.3891 1.0562 -0.0107
0.3778 1.0751 0.0115
0.3506 1.1122 0.0140
0.3091 1.1277 0.0166
-0.0249 1.5160 0.0249
-0.0218 1.5627 0.0318
0.0055 1.5794 0.0609
0.0588 1.6260 0.0793
0.0988 1.6663 0.1042
0.1222 1.6935 0.1107
0.1407 1.7003 0.1226
0.1914 1.7268 0.1666
0.1852 1.7356 0.1516
0.1874 1.7399 0.1362
0.1962 1.7475 0.1420
0.2144 1.7738 0.1132
0.2176 1.7634 0.0819
0.1988 1.6897 -0.0179
0.1985 1.5123 -0.0527
0.1460 1.5766 -0.1214
0.6300 1.6127 -0.1013
0.6231 1.6258 -0.1002
0.6289 1.6272 -0.0855
0.6353 1.6417 -0.0762
0.6326 1.6736 -0.0654
0.6220 1.7058 -0.0609
0.5727 1.7420 -0.0519
0.4971 1.7659 -0.0467
0.1541 1.7622 -0.2002
0.1553 1.7677 -0.2042
0.1709 1.7245 -0.2086
0.2170 1.7061 -0.2075
0.2607 1.6910 -0.1976
0.2888 1.7625 -0.1698
0.3149 1.7993 -0.1361
0.3395 1.8306 -0.0906
0.6654 2.0090 0.4026
0.6446 2.0265 0.4013
0.6269 2.0236 0.3922
0.5951 2.0136 0.3693
0.5440 1.9926 0.3396
0.4250 1.9648 0.2767
0.3189 1.9160 0.1927
0.2410 1.8581 0.1187
0.4533 1.6567 -0.0267
0.5525 1.6489 0.0221
0.6367 1.6525 0.0783
0.6877 1.6829 0.1457
0.7274 1.7051 0.2039
0.7459 1.7423 0.2535
0.7436 1.7784 0.2833
0.6857 1.7830 0.3213
0.5567 1.7741 0.2091
0.5388 1.7596 0.1292
0.4832 1.7578 0.0663
0.4333 1.7643 0.0342
0.3615 1.7630 -0.0426
0.2772 1.7323 -0.1158
0.1959 1.6952 -0.1868
0.1115 1.6655 -0.2334
-0.3523 1.7332 -0.2129
-0.3616 1.7544 -0.1881
-0.3772 1.7599 -0.1770
-0.3899 1.7584 -0.1645
-0.3977 1.7469 -0.1501
-0.3789 1.7465 -0.1512
-0.3514 1.7419 -0.1402
-0.3306 1.7162 -0.1518
-0.4258 1.4763 -0.1020
-0.4563 1.4268 -0.0866
-0.4832 1.3735 -0.0599
-0.4811 1.3112 -0.0290
-0.4800 1.2515 0.0093
-0.4672 1.2083 0.0521
-0.4505 1.1993 0.0982
-0.4462 1.2008 0.1287
-0.2753 0.9155 0.0732
-0.2738 0.8407 0.0284
-0.2766 0.7674 -0.0078
-0.2250 0.7004 -0.0241
-0.1275 0.6547 -0.0421
-0.0454 0.6025 -0.0570
-0.0082 0.5718 -0.0744
0.0396 0.5238 -0.0848
0.2653 0.1203 -0.0648
0.2190 0.0820 -0.0583
0.1862 0.0501 -0.0435
0.1400 0.0284 -0.0272
0.0812 -0.0153 -0.0122
0.0197 -0.0571 0.0044
-0.0380 -0.0954 0.0130
-0.0748 -0.1399 0.0224
0.0377 -0.1602 0.0067
0.0464 -0.1503 0.0064
0.0457 -0.1362 -0.0078
0.0609 -0.1272 -0.0182
0.0870 -0.1145 -0.0325
0.1182 -0.1199 -0.0505
0.1249 -0.1191 -0.0498
0.1374 -0.1222 -0.0608
0.0327 -0.1487 -0.0677
-0.0128 -0.1600 -0.0692
-0.0637 -0.1581 -0.0658
-0.1239 -0.1584 -0.0666
-0.1518 -0.1213 -0.0594
-0.1842 -0.1509 -0.0501
-0.1807 -0.1422 -0.0405
-0.1584 -0.1245 -0.0318
0.0388 0.0075 -0.0038
0.0148 -0.0076 0.0009
-0.0027 -0.0298 -0.0009
-0.0165 -0.0516 -0.0026
-0.0260 -0.0719 -0.0041
-0.0177 -0.0925 -0.0070
-0.0113 -0.1022 -0.0081
-0.0012 -0.0993 -0.0128
0.0443 -0.0597 -0.0211
0.0211 -0.0751 -0.0228
-0.0070 -0.0851 -0.0287
-0.0223 -0.0904 -0.0360
-0.0312 -0.0899 -0.0286
-0.0197 -0.0883 -0.0281
-0.0079 -0.0883 -0.0174
0.0142 -0.0881 -0.0208
-0.1028 -0.1998 -0.0512
-0.1269 -0.2074 -0.0515
-0.1223 -0.2256 -0.0473
-0.1092 -0.2456 -0.0356
-0.1032 -0.2763 -0.0394
-0.1352 -0.3070 -0.0449
-0.1425 -0.3487 -0.0414
-0.1463 -0.3855 -0.0533
0.0399 -0.6471 -0.0742
0.0531 -0.6709 -0.0443
0.0579 -0.6894 -0.0336
0.0603 -0.7184 -0.0243
0.0545 -0.7741 -0.0180
0.0571 -0.7567 -0.0119
0.0728 -0.7811 0.0086
0.0730 -0.8062 0.0238
-0.1148 -1.1309 0.1414
-0.1150 -1.1710 0.1210
-0.1119 -1.1915 0.1080
-0.1009 -1.2248 0.0890
-0.0967 -1.2620 0.0617
-0.0794 -1.2785 0.0434
-0.0564 -1.2940 0.0374
-0.0487 -1.3221 0.0195
-0.1286 -1.5637 0.1982
-0.1309 -1.5985 0.2187
-0.1329 -1.6165 0.2673
-0.1446 -1.6350 0.2630
-0.1344 -1.6556 0.2917
-0.1092 -1.6721 0.3181
-0.0860 -1.6793 0.3323
-0.0470 -1.6919 0.3293
0.1909 -1.7071 0.2534
0.1405 -1.7524 0.2297
0.0997 -1.7988 0.2301
0.0695 -1.8361 0.2515
0.0611 -1.8665 0.2760
0.0334 -1.8725 0.2905
0.0345 -1.9045 0.2767
0.0466 -1.9161 0.2369
0.3810 -1.6196 0.0629
0.3435 -1.6029 0.0228
0.2728 -1.6122 -0.0206
0.2114 -1.6278 -0.0556
0.1115 -1.6855 -0.0640
0.0437 -1.7321 -0.0768
0.0425 -1.7718 -0.0721
0.0646 -1.7895 -0.0440
-0.3780 -1.6081 0.2410
-0.4252 -1.6403 0.2848
-0.4070 -1.6600 0.3256
-0.3642 -1.6797 0.3499
-0.3123 -1.7126 0.3525
-0.2706 -1.7326 0.3349
-0.2373 -1.7350 0.3154
-0.1339 -1.7129 0.3122
-0.2501 -1.7178 0.2097
-0.3312 -1.7243 0.1628
-0.3641 -1.7448 0.1868
-0.3790 -1.7434 0.1871
-0.4076 -1.7306 0.1842
-0.4403 -1.7243 0.1903
-0.4551 -1.7680 0.1797
-0.4475 -1.7938 0.1846
-0.1897 -1.6263 0.2605
-0.2550 -1.5882 0.2633
-0.3349 -1.5545 0.2479
-0.4053 -1.5395 0.2234
-0.4265 -1.5012 0.2077
-0.3894 -1.4722 0.2074
-0.3461 -1.4316 0.2088
-0.3274 -1.3876 0.1941
-0.5961 -0.7790 0.1046
-0.6545 -0.7512 0.1347
-0.6872 -0.7469 0.1671
-0.7275 -0.7437 0.1808
-0.7379 -0.7373 0.2008
-0.6897 -0.7278 0.2263
-0.6214 -0.7317 0.2485
-0.5318 -0.7256 0.2615
-0.4913 -0.3635 0.1410
-0.4724 -0.3236 0.1072
-0.4056 -0.2650 0.0982
-0.3737 -0.2340 0.0739
-0.3056 -0.1839 0.0779
-0.2538 -0.1335 0.0443
-0.2185 -0.0855 0.0020
-0.2059 -0.0090 -0.0240
-0.1568 0.1628 -0.1081
-0.1527 0.1452 -0.1049
-0.1323 0.1338 -0.1045
-0.1127 0.1107 -0.0985
-0.1113 0.0938 -0.1031
-0.0864 0.0901 -0.0988
-0.0568 0.0757 -0.1029
-0.0318 0.0680 -0.1087
0.2007 0.0915 -0.0638
0.2007 0.0979 -0.0696
0.1988 0.1042 -0.0699
0.2007 0.1179 -0.0800
0.2043 0.1391 -0.0933
0.2231 0.1533 -0.0953
0.2315 0.1684 -0.0916
0.2285 0.1946 -0.0915
0.0081 0.3250 -0.1727
0.0298 0.2925 -0.1579
0.0499 0.2807 -0.1483
0.0709 0.2824 -0.1327
0.0825 0.2724 -0.1202
0.0823 0.2469 -0.1188
0.0858 0.2337 -0.1271
0.0773 0.2384 -0.1390
0.0451 0.1805 -0.1051
0.0478 0.1718 -0.0935
0.0414 0.1665 -0.0754
0.0319 0.1663 -0.1148
0.0260 0.1526 -0.0762
0.0139 0.1457 -0.0744
-0.0099 0.1521 -0.0799
-0.0356 0.1559 -0.0686
0.0328 0.0796 -0.0192
0.0533 0.0710 -0.0278
0.0600 0.0738 -0.0408
0.0556 0.0834 -0.0559
0.0615 0.0990 -0.0883
0.0794 0.0985 -0.1077
0.0803 0.1078 -0.1257
0.0765 0.1174 -0.1397
-0.0380 0.0994 -0.0797
-0.0428 0.0785 -0.0858
-0.0550 0.0730 -0.0922
-0.0536 0.0661 -0.0849
-0.0290 0.0707 -0.0837
-0.0304 0.0985 -0.0739
-0.0105 0.1367 -0.0649
0.0014 0.1655 -0.0452
0.0162 0.1417 -0.0602
0.0073 0.1388 -0.0686
-0.0078 0.1199 -0.0794
-0.0140 0.0976 -0.0776
-0.0186 0.0890 -0.0890
-0.0341 0.0757 -0.1011
-0.0382 0.0545 -0.0987
-0.0043 0.0408 -0.0709
0.0904 0.0166 -0.0826
0.0828 0.0186 -0.0834
0.0580 0.0171 -0.0799
0.0328 0.0133 -0.0910
0.0124 0.0166 -0.1022
0.0009 0.0170 -0.0976
0.0318 0.0122 -0.0750
0.0606 0.0127 -0.0518
-0.0111 -0.0237 0.0200
-0.0301 -0.0283 0.0137
-0.0318 -0.0211 0.0032
-0.0224 -0.0188 -0.0066
0.0076 -0.0160 -0.0057
0.0376 -0.0102 -0.0124
0.0515 0.0009 -0.0357
0.0783 0.0055 -0.0683
0.1194 0.0165 -0.1129
0.1217 0.0157 -0.1034
0.1177 0.0111 -0.1025
0.1083 0.0134 -0.1045
0.1093 0.0163 -0.1022
0.1074 0.0131 -0.0988
0.1003 0.0176 -0.1014
0.0918 0.0243 -0.1046
0.0379 0.1180 -0.1610
0.0446 0.1057 -0.1649
0.0476 0.1072 -0.1730
0.0504 0.1271 -0.1654
0.0640 0.1538 -0.1715
0.0596 0.1639 -0.2017
0.0367 0.1781 -0.2130
0.0481 0.1956 -0.2025
0.1177 0.0712 -0.3056
0.1411 0.0767 -0.3260
0.1648 0.0864 -0.3351
0.1886 0.0874 -0.3383
0.2065 0.0878 -0.3428
0.2170 0.0988 -0.3522
0.2364 0.0994 -0.3451
0.2274 0.1029 -0.3467
0.0669 0.1022 -0.2885
0.0324 0.1113 -0.2891
0.0250 0.1226 -0.2981
0.0177 0.1268 -0.3117
0.0162 0.1315 -0.3144
0.0131 0.1378 -0.3109
0.0186 0.1376 -0.3247
0.0136 0.1261 -0.3268
-0.0654 0.0829 -0.2250
-0.1025 0.0765 -0.2262
-0.1194 0.0738 -0.2166
-0.1136 0.0619 -0.1924
-0.1017 0.0553 -0.1604
-0.1109 0.0486 -0.1332
-0.1130 0.0466 -0.1093
-0.1113 0.0418 -0.1100
0.0576 0.0406 -0.0878
0.0420 0.0377 -0.0961
0.0325 0.0333 -0.1119
0.0116 0.0345 -0.1300
0.0205 0.0400 -0.1345
0.0554 0.0406 -0.1280
0.0909 0.0370 -0.1235
0.1316 0.0333 -0.1222
0.2567 0.0619 -0.2205
0.2753 0.0560 -0.2624
0.2833 0.0499 -0.2847
0.3074 0.0512 -0.3161
0.3022 0.0591 -0.3574
0.2700 0.0757 -0.4304
0.1869 0.0929 -0.5151
0.0954 0.1069 -0.5844
-0.2022 0.2981 -1.1640
-0.1643 0.3038 -1.1553
-0.1382 0.3241 -1.1358
-0.1199 0.3286 -1.1190
-0.1193 0.3464 -1.0910
-0.1226 0.3688 -1.0750
-0.0719 0.3926 -1.0534
-0.0173 0.4151 -1.0270
0.1008 0.3551 -1.0215
0.0877 0.3399 -1.0261
0.0814 0.3129 -1.0450
0.0380 0.2911 -1.0571
-0.0162 0.2692 -1.0638
-0.0570 0.2543 -1.0655
-0.1306 0.2573 -1.0698
-0.1881 0.2563 -1.0765
-0.3906 0.3888 -1.0524
-0.3855 0.4088 -1.0175
-0.3685 0.4241 -0.9992
-0.3598 0.4417 -0.9966
-0.3719 0.4523 -0.9760
-0.3797 0.4690 -0.9606
-0.3629 0.4704 -0.9601
-0.2813 0.4798 -0.9473
-0.0261 0.3166 -1.0012
-0.0510 0.2934 -0.9914
-0.0644 0.2760 -0.9668
-0.0736 0.2454 -0.9235
-0.0993 0.2248 -0.8716
-0.1463 0.2376 -0.8340
-0.2075 0.2323 -0.7998
-0.2602 0.2424 -0.7790
-0.3436 0.3299 -0.7549
-0.3018 0.3516 -0.7602
-0.2644 0.3697 -0.7766
-0.2188 0.3607 -0.7824
-0.1723 0.3534 -0.7825
-0.1555 0.3444 -0.7769
-0.1191 0.3363 -0.7666
-0.0606 0.3100 -0.7338
-0.1399 0.0980 -0.6516
-0.1573 0.0898 -0.6049
-0.1686 0.0906 -0.5863
-0.1697 0.0985 -0.5637
-0.1597 0.1054 -0.5357
-0.1497 0.1549 -0.5311
-0.1785 0.1513 -0.4876
-0.1768 0.1074 -0.5059
-0.1115 0.0857 -0.5884
-0.0648 0.0791 -0.5996
-0.0307 0.0779 -0.6049
-0.0108 0.0608 -0.6110
0.0063 0.0522 -0.6249
0.0186 0.0421 -0.6287
0.0435 0.0368 -0.6246
0.0648 0.0287 -0.6103
-0.1561 0.1277 -0.6280
-0.1437 0.1645 -0.6293
-0.1405 0.1674 -0.6390
-0.1254 0.1944 -0.6448
-0.0933 0.2210 -0.6403
-0.0918 0.2308 -0.6565
-0.0861 0.2304 -0.6486
-0.0596 0.2159 -0.6626
0.0057 0.0599 -0.7333
-0.0024 0.0822 -0.7081
-0.0063 0.1097 -0.6758
-0.0299 0.1335 -0.6423
-0.0493 0.1581 -0.6067
-0.0713 0.1749 -0.5867
-0.0841 0.1724 -0.5765
-0.1061 0.1703 -0.5852
-0.0087 0.0889 -0.5415
0.0218 0.0922 -0.5412
0.0461 0.1032 -0.5589
0.0504 0.1071 -0.5684
0.0444 0.1197 -0.5760
0.0443 0.1237 -0.5547
0.0516 0.1315 -0.5444
0.0550 0.1342 -0.5275
-0.0870 0.0324 -0.3317
-0.0892 0.0147 -0.3369
-0.0936 0.0073 -0.3302
-0.0677 -0.0012 -0.3051
-0.0247 -0.0014 -0.2789
0.0058 -0.0038 -0.2486
0.0160 -0.0027 -0.2167
0.0324 -0.0064 -0.1933
-0.0389 0.0929 -0.0331
-0.0487 0.0910 -0.0258
-0.0721 0.0838 -0.0221
-0.0730 0.0690 -0.0012
-0.0476 0.0554 0.0153
-0.0137 0.0411 0.0344
0.0031 0.0356 0.0431
0.0136 0.0359 0.0571
-0.1440 0.0128 0.0899
-0.1489 0.0011 0.1239
-0.1503 -0.0017 0.1437
-0.1672 -0.0128 0.1742
-0.1894 -0.0159 0.2060
-0.1973 -0.0218 0.2439
-0.2114 -0.0214 0.3060
-0.2269 -0.0194 0.3044
-0.2598 0.0194 0.6758
-0.2810 0.0224 0.7051
-0.2886 0.0185 0.7366
-0.3138 0.0151 0.7708
-0.3451 0.0151 0.8054
-0.3545 0.0321 0.8654
-0.3627 0.0644 0.9236
-0.3903 0.0939 0.9740
-0.1772 0.0347 1.2133
-0.1129 -0.0040 1.2538
-0.0593 -0.0257 1.2869
-0.0153 -0.0591 1.3318
0.0229 -0.0796 1.3683
0.0869 -0.0898 1.4151
0.1213 -0.0909 1.4551
0.2043 -0.0947 1.5093
0.1214 -0.1819 1.0456
0.0505 -0.1985 1.0153
-0.0234 -0.1881 0.9963
-0.0951 -0.1904 0.9998
-0.1394 -0.1420 1.0194
-0.2388 -0.1278 1.0605
-0.3409 -0.0936 1.0878
-0.4247 -0.0557 1.1467
-0.4743 0.0814 1.6984
-0.4317 0.0502 1.7510
-0.3734 0.0214 1.7995
-0.2894 0.0472 1.8509
-0.1633 -0.0791 1.8581
-0.0661 -0.1854 1.9789
0.0150 -0.1891 1.9988
0.0554 -0.2072 2.0450
0.4175 -0.3476 2.0012
0.4255 -0.3419 1.9884
0.4643 -0.3522 1.9991
0.4943 -0.3483 2.0180
0.4899 -0.3340 2.0374
0.4827 -0.3231 2.0464
0.4586 -0.2802 2.0569
0.4369 -0.2292 2.0727
0.2124 0.0638 2.3630
0.1319 0.0898 2.3839
0.0779 0.0956 2.3905
-0.0246 0.1071 2.3497
-0.1026 0.1205 2.3854
-0.1254 0.1290 2.4028
-0.1112 0.1480 2.4340
-0.0768 0.1524 2.4592
-0.1097 0.1211 2.5528
-0.0576 0.0338 2.5330
0.0098 -0.1078 2.4806
0.0988 -0.2851 2.4192
0.1874 -0.4352 2.3457
0.2483 -0.5034 2.2967
0.2805 -0.4954 2.2652
0.3427 -0.4824 2.2675
0.0677 -0.4491 2.1573
-0.0634 -0.4710 2.1186
-0.1628 -0.4589 2.0974
-0.1715 -0.4606 2.0824
-0.1095 -0.4304 2.0858
-0.0394 -0.4067 2.1090
0.0695 -0.3882 2.1180
0.1303 -0.3751 2.1075
-0.0544 -0.1785 1.6964
-0.1681 -0.1480 1.6582
-0.2582 -0.1075 1.5811
-0.2914 -0.1051 1.5240
-0.2411 -0.1648 1.4830
-0.1885 -0.1575 1.4705
-0.1390 -0.1355 1.4685
-0.0615 -0.1106 1.4946
-0.5371 -0.0050 1.2703
-0.4862 -0.0264 1.2326
-0.4398 -0.0336 1.2083
-0.3508 -0.0243 1.1892
-0.2828 -0.0076 1.1551
-0.2917 -0.0069 1.1087
-0.3590 -0.0115 1.0594
-0.4351 -0.0295 1.0128
-0.6208 -0.1356 0.7982
-0.6214 -0.1312 0.7943
-0.5957 -0.1400 0.7874
-0.5501 -0.1623 0.7964
-0.4766 -0.1796 0.8025
-0.3887 -0.2214 0.8167
-0.2448 -0.2648 0.8314
-0.1168 -0.2491 0.8451
-0.0011 -0.2275 0.4320
0.0055 -0.1814 0.3913
0.0182 -0.1408 0.3577
0.0321 -0.0823 0.3225
0.0333 -0.0883 0.3045
0.0021 -0.0693 0.2877
-0.0238 -0.0585 0.2905
-0.0098 -0.0551 0.3056
-0.0241 -0.0144 0.2295
-0.0122 -0.0165 0.2152
0.0043 -0.0139 0.2023
-0.0027 -0.0252 0.1950
-0.0150 -0.0278 0.1839
-0.0362 -0.0593 0.1794
-0.0391 -0.0816 0.1984
0.0064 -0.1057 0.2334
-0.1009 -0.1373 0.1779
-0.1066 -0.1353 0.1428
-0.0927 -0.1151 0.1171
-0.0609 -0.0947 0.0754
-0.0425 -0.0750 0.0501
-0.0212 -0.0533 0.0186
-0.0301 -0.0240 -0.0235
-0.0415 -0.0020 -0.0469
0.0310 0.0064 -0.1135
0.0371 0.0015 -0.0915
0.0318 -0.0006 -0.0686
0.0047 0.0023 -0.0667
-0.0137 0.0073 -0.0689
-0.0447 0.0115 -0.0841
-0.0747 0.0197 -0.0994
-0.0951 0.0156 -0.1257
-0.0644 0.0965 -0.3587
-0.0476 0.1107 -0.3650
-0.0079 0.1272 -0.3552
0.0353 0.1503 -0.3488
0.0463 0.1640 -0.3512
0.0392 0.1629 -0.3574
-0.0150 0.1565 -0.3670
-0.0472 0.1594 -0.3910
-0.0244 0.2378 -0.6463
-0.0484 0.2566 -0.6855
-0.0669 0.2750 -0.7306
-0.0753 0.2935 -0.7587
-0.0710 0.3016 -0.7740
-0.0530 0.3042 -0.7654
-0.0173 0.3134 -0.7434
0.0586 0.3262 -0.7153
0.1084 0.3502 -0.7399
0.1150 0.3612 -0.7420
0.1494 0.3696 -0.7480
0.1541 0.3855 -0.7818
0.1294 0.3877 -0.8170
0.1319 0.3735 -0.8751
0.1243 0.3653 -0.9398
0.0826 0.3819 -1.0197
0.3176 0.4569 -1.4149
0.3448 0.4523 -1.4189
0.3601 0.4192 -1.4000
0.3968 0.3832 -1.3740
0.4227 0.3377 -1.3306
0.4772 0.3147 -1.2839
0.5038 0.2833 -1.2628
0.5119 0.2662 -1.2234
0.2857 0.1567 -1.4507
0.2639 0.2335 -1.5348
0.2398 0.2611 -1.5941
0.2950 0.2546 -1.6148
0.3687 0.2465 -1.6420
0.4105 0.2569 -1.6637
0.3937 0.2825 -1.6935
0.2987 0.3122 -1.7236
-0.1367 0.3877 -1.5059
-0.1851 0.3719 -1.4879
-0.2474 0.3567 -1.4832
-0.3085 0.3479 -1.4951
-0.3853 0.3377 -1.5200
-0.4308 0.3456 -1.5569
-0.4455 0.3462 -1.5834
-0.3473 0.3288 -1.5953
0.2737 0.1617 -1.8999
0.2477 0.1210 -1.9059
0.2359 0.0870 -1.8932
0.2140 0.0527 -1.8728
0.1826 0.0279 -1.8627
0.1709 -0.0203 -1.8477
0.1556 -0.0603 -1.8210
0.1359 -0.0816 -1.8135
-0.3183 -0.1568 -2.0070
-0.3894 -0.1466 -2.0855
-0.4381 -0.1260 -2.1452
-0.4107 -0.0777 -2.1956
-0.2233 -0.0324 -2.1962
0.0670 0.0050 -2.1704
0.3713 0.0302 -2.1362
0.4786 0.0429 -2.1011
0.2053 0.0699 -1.9468
0.1658 0.0736 -1.9189
0.1466 0.0823 -1.8990
0.1295 0.0880 -1.8973
0.1426 0.0959 -1.8882
0.1486 0.1171 -1.8993
0.1684 0.1144 -1.9129
0.1994 0.1248 -1.9378
0.2949 0.2036 -1.7790
0.2622 0.1877 -1.7226
0.2602 0.1869 -1.6583
0.2382 0.1843 -1.5828
0.1976 0.1721 -1.5682
0.1562 0.1778 -1.5206
0.0767 0.1772 -1.4946
0.0171 0.1698 -1.5072
0.4537 0.1248 -1.5400
0.5081 0.1315 -1.5493
0.6032 0.1061 -1.5404
0.7228 0.0593 -1.5098
0.8428 0.0137 -1.4693
0.8897 -0.0189 -1.4253
0.9061 -0.0611 -1.4000
0.8897 -0.0985 -1.3842
0.4546 0.1347 -1.0941
0.4256 0.0075 -1.1018
0.4088 -0.0318 -1.1287
0.3302 -0.0299 -1.1736
0.2369 -0.0066 -1.2039
0.2086 0.0110 -1.2698
0.2709 -0.0128 -1.3205
0.3968 -0.0476 -1.3453
0.4614 -0.1872 -1.0339
0.4400 -0.1842 -0.9972
0.4019 -0.1836 -0.9824
0.3984 -0.1732 -0.9836
0.4114 -0.1657 -0.9879
0.4884 -0.1486 -0.9487
0.5875 -0.1422 -0.9745
0.6671 -0.1397 -0.9478
0.2417 -0.2114 -0.6070
0.2078 -0.2184 -0.5663
0.1359 -0.2062 -0.5365
0.0974 -0.1943 -0.5269
0.0812 -0.1863 -0.4956
0.0719 -0.1852 -0.4766
0.0744 -0.1889 -0.4705
0.0635 -0.1930 -0.4510
0.0658 -0.1434 -0.1559
0.0544 -0.1138 -0.1202
0.0034 -0.0877 -0.0892
0.0176 -0.0756 -0.0712
0.0006 -0.0614 -0.0666
-0.0273 -0.0570 -0.0403
-0.0660 -0.0521 -0.0098
-0.0951 -0.0403 0.0061
-0.1381 -0.0264 0.1269
-0.1697 -0.0464 0.1348
-0.1684 -0.0707 0.1155
-0.1500 -0.0942 0.0938
-0.1329 -0.0855 0.0783
-0.1324 -0.0573 0.0751
-0.1477 -0.0435 0.0947
-0.1472 -0.0764 0.0899
-0.3885 -0.0159 0.2596
-0.4162 -0.0180 0.2743
-0.4351 -0.0121 0.2866
-0.4229 -0.0018 0.3170
-0.3488 0.0189 0.3650
-0.2767 0.0301 0.4134
-0.1970 0.0412 0.4516
-0.1356 0.0431 0.4888
0.0345 -0.0866 0.4771
0.0163 -0.0932 0.4647
-0.0223 -0.1093 0.4488
-0.0693 -0.1155 0.4381
-0.1045 -0.1231 0.4362
-0.1451 -0.1243 0.4494
-0.1947 -0.1210 0.4864
-0.2534 -0.1037 0.5428
-0.3487 0.0997 1.2428
-0.3534 0.1048 1.2330
-0.3627 0.0999 1.2230
-0.3728 0.0809 1.1695
-0.3667 0.0353 1.1032
-0.3564 -0.0153 1.0446
-0.3464 -0.0678 1.0011
-0.3422 -0.1167 0.9720
-0.0104 -0.2243 1.6168
0.0076 -0.2236 1.7643
0.0437 -0.2150 1.9111
0.0493 -0.2089 1.9377
0.0047 -0.2013 2.0220
-0.0702 -0.1845 2.0766
-0.1726 -0.2068 2.1299
-0.2534 -0.2144 2.1568
0.0480 -0.1142 1.9700
0.1060 -0.0951 1.8918
0.1345 -0.0964 1.7975
0.1138 -0.1139 1.7052
0.0929 -0.1744 1.6243
0.0472 -0.2153 1.5493
-0.0293 -0.2888 1.5017
-0.1013 -0.3184 1.4261
0.0567 -0.2437 1.4708
0.0715 -0.2419 1.5110
0.0962 -0.2402 1.5733
0.1428 -0.2298 1.6212
0.2094 -0.2138 1.6587
0.2419 -0.1984 1.6793
0.2757 -0.1849 1.6832
0.2958 -0.1645 1.6884
0.0553 -0.1822 1.3964
0.0237 -0.1831 1.3456
-0.0186 -0.1880 1.3247
-0.0675 -0.1898 1.2889
-0.1118 -0.1895 1.2730
-0.1536 -0.2007 1.2489
-0.2014 -0.2106 1.2646
-0.2491 -0.2005 1.2634
-0.3334 0.0163 1.4271
-0.3477 0.0360 1.4482
-0.3644 0.0568 1.4722
-0.3752 0.1090 1.4997
-0.3986 0.1804 1.5421
-0.4039 0.1933 1.5892
-0.3968 0.1826 1.6222
-0.4068 0.1808 1.6480
-0.2048 0.3891 2.0491
-0.1996 0.3882 2.0898
-0.2266 0.3279 2.1386
-0.2723 0.2671 2.1901
-0.3073 0.2605 2.2294
-0.2949 0.2004 2.2851
-0.2402 0.1071 2.3272
-0.1758 0.0944 2.3564
-0.3080 -0.0909 2.0356
-0.3259 -0.1057 2.0192
-0.3687 -0.1208 1.9894
-0.4354 -0.1455 1.9418
-0.4809 -0.1813 1.8787
-0.4988 -0.2199 1.8225
-0.4678 -0.2590 1.7798
-0.4575 -0.3059 1.7320
-0.6474 -0.4811 1.1226
-0.5997 -0.4937 1.1164
-0.5302 -0.4769 1.1188
-0.5005 -0.4691 1.1425
-0.4449 -0.4759 1.1533
-0.4018 -0.5064 1.1655
-0.4079 -0.5411 1.1590
-0.4151 -0.5490 1.1565
-0.5999 -0.4103 0.9554
-0.5646 -0.4076 0.9308
-0.5069 -0.4009 0.9001
-0.4429 -0.4162 0.8740
-0.3615 -0.4291 0.8708
-0.2648 -0.4545 0.8874
-0.2104 -0.4948 0.9048
-0.1323 -0.4953 0.9033
-0.0950 -0.3943 0.9415
-0.2063 -0.3969 0.9106
-0.2946 -0.3877 0.8774
-0.3424 -0.3847 0.8534
-0.4145 -0.3728 0.8459
-0.4499 -0.3406 0.8329
-0.4407 -0.3224 0.8144
-0.3971 -0.3167 0.8002
-0.1943 -0.2691 0.3757
-0.1681 -0.2327 0.3558
-0.1390 -0.2016 0.3277
-0.1148 -0.1790 0.2964
-0.1122 -0.1605 0.2659
-0.1051 -0.1431 0.2257
-0.0783 -0.1127 0.2137
-0.0092 -0.0732 0.2019
0.1756 0.2495 0.0408
0.1361 0.2880 0.0147
0.0765 0.3184 -0.0252
0.0049 0.3277 -0.0625
-0.0376 0.3343 -0.0863
-0.0411 0.3277 -0.1014
-0.0053 0.2929 -0.1161
0.0049 0.2480 -0.1402
-0.0896 0.1860 -0.1645
-0.1029 0.1926 -0.1573
-0.0938 0.1975 -0.1378
-0.0403 0.2188 -0.1196
0.0463 0.2153 -0.0841
0.0835 0.2059 -0.0637
0.0785 0.1892 -0.0588
0.0186 0.1604 -0.0716
0.0990 0.0275 -0.2773
0.0904 0.0231 -0.2863
0.0974 -0.0278 -0.3024
0.1165 -0.0095 -0.3170
0.1226 0.0249 -0.3294
0.0680 0.0162 -0.3516
0.0226 -0.0029 -0.3697
0.0029 0.0296 -0.3906
0.0764 0.1576 -0.5105
0.1087 0.2172 -0.5206
0.1319 0.2355 -0.5429
0.1715 0.2392 -0.5910
0.2242 0.2615 -0.6254
0.2906 0.2747 -0.6397
0.3170 0.2773 -0.6649
0.3242 0.2972 -0.6799
0.1695 0.3980 -0.7698
0.1474 0.3958 -0.7938
0.1074 0.3937 -0.8114
0.0831 0.3920 -0.8129
0.0802 0.3932 -0.8025
0.1203 0.4012 -0.7949
0.1814 0.3963 -0.7781
0.2363 0.3879 -0.7761
0.1972 0.4241 -0.9723
0.2208 0.4355 -0.9913
0.1904 0.4462 -1.0290
0.1164 0.4578 -1.0835
0.0538 0.4701 -1.1434
0.0593 0.4862 -1.2028
0.1190 0.5058 -1.2559
0.1509 0.5157 -1.2976
0.3922 0.3355 -1.5718
0.4186 0.2450 -1.5852
0.4388 0.2421 -1.5828
0.4882 0.2511 -1.5751
0.5189 0.2141 -1.5744
0.5521 0.1245 -1.5823
0.5866 0.0699 -1.5977
0.5750 0.0516 -1.6200
0.1584 -0.1463 -1.9119
0.1513 -0.1342 -1.8986
0.1397 -0.0997 -1.8856
0.1359 -0.0814 -1.8764
0.1359 -0.0663 -1.8625
0.0887 -0.0585 -1.8398
0.0712 -0.0548 -1.8332
0.0176 -0.0244 -1.8189
-0.1834 0.1524 -1.4794
-0.2321 0.1591 -1.4433
-0.2758 0.1652 -1.4175
-0.2949 0.1663 -1.3844
-0.3100 0.1742 -1.3648
-0.3210 0.1738 -1.3676
-0.3355 0.1756 -1.3775
-0.3571 0.1814 -1.3916
-0.0050 0.2578 -1.3613
0.1463 0.2960 -1.2862
0.2309 0.3239 -1.2410
0.2195 0.3322 -1.1880
0.1593 0.3244 -1.1365
0.0907 0.3164 -1.0751
0.0444 0.3184 -1.0146
0.0217 0.3118 -0.9325
-0.1999 0.3360 -1.0687
-0.2141 0.3279 -1.1022
-0.2071 0.3135 -1.1617
-0.1801 0.3144 -1.2136
-0.1278 0.2917 -1.2452
-0.0843 0.2928 -1.2509
-0.0081 0.2894 -1.2445
0.0693 0.2712 -1.2167
0.2184 0.1526 -1.1639
0.2272 0.1532 -1.1904
0.2256 0.1701 -1.2411
0.2361 0.1645 -1.2856
0.2447 0.1799 -1.3066
0.2303 0.1791 -1.3584
0.2396 0.1904 -1.3854
0.2981 0.2182 -1.4045
0.1190 0.2330 -1.1808
0.0837 0.2399 -1.1606
0.0557 0.2491 -1.1339
0.0392 0.2529 -1.1040
0.0153 0.2764 -1.0948
0.0116 0.2828 -1.0763
0.0125 0.3206 -1.0736
-0.0199 0.3250 -1.0750
-0.0994 0.4151 -1.0791
-0.0657 0.4180 -1.0540
-0.0420 0.4249 -1.0321
-0.0408 0.4297 -1.0024
-0.0478 0.3853 -0.9727
-0.0498 0.3328 -0.9520
-0.0487 0.3067 -0.9219
-0.0577 0.2992 -0.9148
0.0257 -0.0302 -0.5499
0.1052 -0.0593 -0.4788
0.1863 -0.0974 -0.4255
0.2503 -0.1226 -0.3514
0.2769 -0.1407 -0.2755
0.2674 -0.1707 -0.2078
0.2454 -0.1932 -0.1232
0.2240 -0.1545 -0.0501
-0.0903 -0.0958 0.4346
-0.0609 -0.0930 0.4336
-0.0241 -0.1002 0.4216
-0.0058 -0.0938 0.4056
0.0031 -0.0886 0.3821
0.0270 -0.0825 0.3529
0.0327 -0.0747 0.3422
0.0396 -0.0658 0.3195
0.0663 -0.1504 0.5560
-0.0008 -0.1626 0.6179
-0.0599 -0.1691 0.6729
-0.0970 -0.1750 0.7588
-0.1142 -0.1636 0.8376
-0.1122 -0.1513 0.9024
-0.1038 -0.1336 0.9525
-0.1025 -0.1092 0.9713
-0.0331 -0.1568 0.6212
0.0272 -0.1970 0.5524
0.0828 -0.2315 0.5336
0.1471 -0.2654 0.4727
0.2120 -0.2899 0.4128
0.2767 -0.3137 0.3592
0.3390 -0.3245 0.3122
0.3833 -0.3088 0.2595
0.1341 -0.1631 -0.0933
0.1446 -0.1162 -0.0932
0.1469 -0.0764 -0.1040
0.1115 -0.0397 -0.1045
0.0446 -0.0231 -0.1040
-0.0292 0.0168 -0.0976
-0.0654 0.0324 -0.0738
-0.0788 0.0518 -0.0480
-0.0373 0.1124 0.0942
-0.0428 0.0983 0.0727
-0.0573 0.0860 0.0677
-0.0706 0.0583 0.0454
-0.0814 0.0370 0.0232
-0.0556 0.0170 -0.0139
-0.0267 -0.0005 -0.0386
-0.0053 -0.0133 -0.0536
0.0759 -0.0421 -0.0764
0.0761 -0.0385 -0.0773
0.0793 -0.0315 -0.0800
0.0565 -0.0119 -0.0841
0.0082 0.0052 -0.0901
0.0150 0.0099 -0.0780
-0.0124 0.0278 -0.0777
-0.0515 0.0434 -0.0706
0.0797 0.0325 -0.0412
0.1014 0.0199 -0.0435
0.1055 0.0151 -0.0469
0.1167 0.0057 -0.0545
0.1321 -0.0052 -0.0441
0.1399 -0.0159 -0.0388
0.1277 -0.0272 -0.0360
0.0987 -0.0212 -0.0336
0.2245 0.0168 0.0490
0.2908 0.0266 0.0736
0.3679 0.0457 0.0753
0.4530 0.0550 0.1197
0.5487 0.0689 0.1300
0.6307 0.0735 0.1394
0.7194 0.0687 0.1666
0.8586 0.0753 0.2007
1.0631 0.1190 0.0484
0.9160 0.0944 -0.0284
0.8215 0.0632 -0.0961
0.7955 0.0498 -0.1417
0.8022 0.0473 -0.1466
0.9583 0.0625 -0.1362
1.1558 0.0814 -0.0950
1.3138 0.1142 -0.0658
1.4525 0.2181 -0.1784
1.3395 0.1930 -0.2940
1.2394 0.1474 -0.4304
1.2666 0.0956 -0.5507
1.4662 0.0564 -0.6347
1.7115 -0.0031 -0.6973
1.9042 -0.0626 -0.7686
2.0528 -0.1289 -0.8170
2.3726 -0.2723 -0.5050
2.3143 -0.2338 -0.4458
2.3385 -0.2057 -0.3725
2.3757 -0.1254 -0.3482
2.4305 -0.0313 -0.2784
2.5398 0.0556 -0.2217
2.6655 0.1385 -0.1658
2.7921 0.1761 -0.1460
2.8132 0.2364 -0.0609
2.8753 0.1599 -0.0437
2.9639 0.0735 -0.0273
3.0644 -0.0014 0.0011
3.1489 -0.0493 0.0373
3.2141 -0.0872 0.0728
3.2255 -0.1437 0.1014
3.2260 -0.1277 0.1148
2.9824 0.0185 0.5038
2.9004 0.0289 0.5185
2.8359 0.0111 0.5206
2.7839 0.0017 0.5208
2.6802 0.0591 0.4989
2.5804 0.0254 0.4714
2.5427 0.0034 0.4348
2.4571 -0.0228 0.4061
2.6443 -0.0626 0.4655
2.6154 -0.0454 0.4691
2.5334 -0.0406 0.4638
2.4045 -0.0371 0.4433
2.2307 -0.0591 0.4319
2.1014 -0.0567 0.4372
2.0400 -0.0400 0.4562
1.9552 -0.0316 0.4540
0.9314 0.0702 0.2877
0.7828 0.0530 0.2465
0.6541 0.0473 0.2207
0.5739 0.0521 0.2043
0.5589 0.0657 0.1993
0.5748 0.0770 0.1939
0.6266 0.0838 0.1581
0.6932 0.0988 0.1988
0.3288 0.0064 0.2274
0.3074 -0.0064 0.2207
0.2498 -0.0237 0.1969
0.1662 -0.0525 0.1788
0.1139 -0.0747 0.1426
0.0000 -0.0845 0.0919
-0.1419 -0.0958 0.1009
-0.3122 -0.0956 0.0817
-2.0239 0.0692 -0.2364
-1.9685 0.1112 -0.2240
-1.8511 0.1465 -0.2017
-1.7674 0.1677 -0.2031
-1.7688 0.1701 -0.2381
-1.7975 0.1588 -0.2550
-1.8928 0.1341 -0.3184
-2.0504 0.1008 -0.3696
-3.7629 -0.0542 -0.5315
-3.9176 -0.0441 -0.5114
-4.0438 -0.0276 -0.5072
-4.1632 -0.0177 -0.4905
-4.2334 -0.0070 -0.4708
-4.2863 0.0003 -0.4354
-4.2716 0.0095 -0.4143
-4.1976 0.0060 -0.3862
-2.8735 -0.0562 -0.2259
-2.8920 -0.0950 -0.1998
-2.9564 -0.1313 -0.1706
-3.0581 -0.1678 -0.1672
-3.2014 -0.1862 -0.1660
-3.2796 -0.2045 -0.1799
-3.4314 -0.2103 -0.1962
-3.5691 -0.2175 -0.1982
-3.5365 -0.5377 0.0843
-3.2538 -0.5325 0.1381
-2.9454 -0.5075 0.1869
-2.7880 -0.4925 0.2124
-2.4755 -0.4588 0.2253
-2.1935 -0.4311 0.2146
-1.9977 -0.4076 0.2037
-1.8918 -0.4035 0.1669
-2.7527 -0.7110 -0.0435
-2.8818 -0.6898 -0.0622
-2.9729 -0.6510 -0.0724
-3.0009 -0.6161 -0.0600
-2.9758 -0.5930 -0.0539
-2.8734 -0.5275 -0.0481
-2.7313 -0.4742 -0.0655
-2.5956 -0.4119 -0.0819
-2.2944 -0.1700 -0.2795
-2.3918 -0.1729 -0.2958
-2.4723 -0.1846 -0.2999
-2.5033 -0.1842 -0.3169
-2.4629 -0.1889 -0.3297
-2.3837 -0.1700 -0.3238
-2.3080 -0.1353 -0.3105
-2.2465 -0.0878 -0.2925
-2.1154 0.0076 -0.2089
-2.0389 -0.0156 -0.1869
-1.9403 -0.0373 -0.1715
-1.8563 -0.0580 -0.1449
-1.8240 -0.0704 -0.1324
-1.8085 -0.1133 -0.1416
-1.8437 -0.1057 -0.1436
-1.9111 -0.1057 -0.1497
-1.9919 0.0880 -0.0770
-2.0380 0.1029 -0.0945
-2.1041 0.1107 -0.1071
-2.0901 0.1132 -0.1217
-2.1005 0.1228 -0.1199
-2.1284 0.1155 -0.1385
-2.1757 0.1055 -0.1772
-2.2326 0.1002 -0.1944
-2.6188 0.0573 -0.4331
-2.5893 0.0910 -0.4714
-2.4651 0.1417 -0.4798
-2.3804 0.1969 -0.4727
-2.2069 0.2152 -0.4577
-2.0623 0.2350 -0.4588
-1.9705 0.2512 -0.4629
-1.9264 0.2708 -0.4543
-2.2173 0.0588 -0.3793
-2.2196 0.0302 -0.3563
-2.2232 0.0212 -0.3354
-2.2127 0.0099 -0.3253
-2.1890 0.0081 -0.3042
-2.1614 0.0156 -0.2882
-2.1628 0.0365 -0.3083
-2.1247 0.0712 -0.2978
-1.7559 0.0018 -0.0411
-1.7717 0.0003 -0.0249
-1.7799 0.0137 0.0255
-1.7416 0.0383 0.0136
-1.6521 0.0495 0.0319
-1.5421 0.0583 0.0533
-1.4224 0.0805 0.0762
-1.3147 0.0947 0.0945
-0.6770 0.0099 0.0286
-0.6594 -0.0163 0.0157
-0.6190 -0.0281 0.0166
-0.5733 -0.0493 0.0053
-0.5227 -0.0602 -0.0046
-0.4708 -0.0757 -0.0179
-0.4562 -0.0806 -0.0496
-0.4508 -0.0861 -0.0612
0.0426 0.0997 -0.0564
0.2237 0.1304 -0.0423
0.3496 0.1564 -0.0339
0.4091 0.1575 -0.0316
0.4128 0.1440 -0.0405
0.3885 0.1278 -0.0486
0.3425 0.0953 -0.0614
0.2839 0.0557 -0.0577
0.6797 -0.0275 0.1083
0.8676 0.0101 0.1414
1.1309 0.0521 0.1724
1.2375 0.0776 0.2107
1.5021 0.1348 0.2304
1.7929 0.1791 0.2721
2.1043 0.2268 0.3059
2.4540 0.2495 0.3560
3.9555 0.1817 0.4879
3.8578 0.1608 0.4087
3.6415 0.1455 0.3038
3.4425 0.1103 0.2747
3.2958 0.0808 0.2350
3.2125 0.0687 0.2135
3.1281 0.0672 0.1935
3.0177 0.0828 0.1655
2.4300 0.1950 -0.0315
2.6006 0.2254 0.0267
2.8017 0.2535 0.0956
2.8902 0.2894 0.1529
3.0687 0.3062 0.2234
3.2836 0.3477 0.2637
3.5339 0.3693 0.3552
3.7893 0.3903 0.4745
2.5589 0.0826 0.3344
2.5623 0.0663 0.3323
2.6163 0.0516 0.3436
2.6525 0.0338 0.3603
2.6536 0.0318 0.3676
2.6513 0.0325 0.3593
2.6617 0.0327 0.3470
2.7101 0.0327 0.3454
3.3309 0.2176 0.4056
3.3851 0.1668 0.4285
3.4409 0.1649 0.4377
3.4702 0.1142 0.4537
3.4751 0.0531 0.4499
3.4642 -0.0140 0.4449
3.4239 -0.0512 0.4320
3.3749 -0.0846 0.4074
3.2664 0.1121 0.3519
3.3746 0.1321 0.3525
3.5452 0.1414 0.3754
3.7203 0.1407 0.3980
3.8298 0.1006 0.3997
3.8390 0.0338 0.3853
3.7350 -0.0431 0.3566
3.5288 -0.1054 0.3178
2.0898 -0.2314 -0.1109
2.2431 -0.1914 -0.1332
2.4542 -0.1494 -0.1347
2.5449 -0.1064 -0.1196
2.6922 -0.0959 -0.1037
2.7480 -0.0919 -0.0959
2.7127 -0.1132 -0.0606
2.6709 -0.1388 -0.0188
1.9517 -0.1080 0.3089
1.8373 -0.1078 0.2573
1.7790 -0.1106 0.2111
1.7820 -0.1151 0.1739
1.8089 -0.1124 0.1594
1.8659 -0.1092 0.1460
1.9073 -0.0961 0.1315
1.9085 -0.0913 0.1168
1.9288 -0.1442 0.1689
1.8905 -0.1657 0.1523
1.8344 -0.2117 0.1501
1.8343 -0.2352 0.1445
1.9199 -0.2366 0.1410
2.0207 -0.2137 0.1388
2.0927 -0.2144 0.1310
2.0798 -0.2234 0.1257
1.0006 -0.0035 -0.0255
0.8561 0.0186 -0.0283
0.7532 0.0606 -0.0243
0.6710 0.0951 -0.0148
0.6293 0.1283 -0.0041
0.5472 0.1425 -0.0058
0.5035 0.1658 -0.0035
0.5087 0.1965 -0.0066
0.3390 -0.0046 -0.0677
0.3496 -0.0023 -0.0464
0.3496 -0.0017 -0.0327
0.2799 -0.0093 -0.0376
0.2294 -0.0206 -0.0447
0.1147 -0.0501 -0.0421
0.0079 -0.0779 -0.0545
-0.0980 -0.0962 -0.0478
-1.3905 -0.1405 -0.1481
-1.5785 -0.1552 -0.1820
-1.7914 -0.1636 -0.2138
-1.9415 -0.1419 -0.2509
-1.9882 -0.0916 -0.2589
-2.0487 -0.1017 -0.2689
-2.0695 -0.0718 -0.2657
-2.0717 -0.0374 -0.2886
-3.2222 0.0399 -0.6049
-3.3614 0.0234 -0.6523
-3.6516 0.0166 -0.6698
-3.9031 -0.0102 -0.6988
-4.1287 -0.0344 -0.7184
-4.3162 -0.0374 -0.7307
-4.4338 -0.0208 -0.7382
-4.4254 -0.0180 -0.7245
-3.2674 0.1840 -0.5582
-3.2721 0.1675 -0.5583
-3.2826 0.1500 -0.5366
-3.2935 0.1287 -0.5122
-3.3263 0.1042 -0.4982
-3.4066 0.0670 -0.4760
-3.4659 0.0194 -0.4475
-3.4841 -0.0396 -0.4052
-2.5198 -0.4479 -0.2850
-2.4199 -0.4279 -0.3022
-2.3193 -0.4006 -0.3128
-2.2002 -0.3630 -0.3048
-2.0945 -0.3169 -0.2798
-2.0391 -0.2728 -0.2610
-2.0192 -0.2401 -0.2378
-2.0070 -0.2263 -0.2075
-2.2811 -0.5301 0.2323
-2.1854 -0.5053 0.2853
-2.0896 -0.4565 0.3290
-2.0177 -0.3819 0.3363
-2.0020 -0.3198 0.2966
-1.9844 -0.2929 0.2366
-1.9771 -0.2356 0.2329
-1.9471 -0.1972 0.2030
-2.0134 -0.0108 -0.0006
-2.0020 0.0037 0.0064
-2.0139 0.0075 0.0228
-2.0162 0.0006 0.0205
-2.0400 -0.0166 0.0139
-2.0931 -0.0312 -0.0090
-2.1640 -0.0406 -0.0596
-2.1889 -0.0455 -0.1127
-1.5073 0.3290 -0.3697
-1.5603 0.3671 -0.3806
-1.6542 0.3798 -0.3687
-1.7376 0.3852 -0.3471
-1.7929 0.3749 -0.2952
-1.8340 0.3566 -0.2280
-1.8470 0.3390 -0.1515
-1.8902 0.2947 -0.1171
-2.1953 -0.1046 0.1147
-2.1515 -0.1194 0.0918
-2.0725 -0.1081 0.0551
-1.9529 -0.0808 0.0406
-1.8156 -0.0301 0.0330
-1.6606 0.0121 0.0284
-1.5979 0.0345 0.0202
-1.4876 0.0574 0.0136
-1.4455 -0.2682 0.0298
-1.5476 -0.3392 0.0344
-1.6390 -0.4148 0.0447
-1.6751 -0.4702 0.0702
-1.7361 -0.5066 0.0802
-1.7822 -0.5534 0.1226
-1.8167 -0.6101 0.1481
-1.8573 -0.6504 0.1545
-1.8563 -0.6031 0.0577
-1.6394 -0.5424 0.0718
-1.3879 -0.4614 0.1049
-1.1988 -0.3393 0.1278
-1.1011 -0.2092 0.1095
-1.0951 -0.1153 0.0698
-1.1087 -0.0843 0.0483
-1.1212 -0.0467 -0.0041
-1.0983 -0.0704 -0.1843
-1.0763 -0.1052 -0.1920
-1.0432 -0.1315 -0.1958
-1.0069 -0.1416 -0.2019
-0.9924 -0.1374 -0.2231
-0.9701 -0.1269 -0.2300
-0.8599 -0.1390 -0.2217
-0.6979 -0.1701 -0.2118
0.6700 0.0319 -0.0525
0.7398 0.0362 -0.0385
0.8126 0.0589 -0.0202
0.8428 0.0764 0.0118
0.8968 0.0799 0.0377
0.9245 0.0774 0.0490
0.9129 0.0664 0.0545
0.8709 0.0489 0.0638
1.3853 0.0904 0.1006
1.5123 0.1028 0.1226
1.7127 0.1124 0.1555
1.9500 0.1500 0.1953
2.2031 0.1965 0.2321
2.3046 0.2894 0.2381
2.3790 0.3479 0.1753
2.3210 0.4468 0.1596
2.8715 0.3244 0.2327
2.9285 0.3160 0.2459
2.9231 0.3129 0.2318
2.8672 0.3070 0.2248
2.7326 0.2937 0.2001
2.5840 0.2543 0.1417
2.4748 0.2077 0.1051
2.4499 0.1549 0.0748
2.9974 0.1471 0.1217
3.0943 0.1581 0.1367
3.1321 0.1426 0.1666
3.1634 0.1402 0.1848
3.1548 0.1268 0.1859
3.0807 0.1011 0.1943
2.9577 0.0689 0.1987
2.8350 0.0322 0.2065
2.2057 0.0113 0.3271
2.2220 0.0423 0.3395
2.2035 0.0757 0.3512
2.1483 0.0993 0.3503
2.0913 0.1237 0.3302
2.0334 0.1619 0.2986
1.9726 0.1973 0.2726
1.8961 0.2254 0.2236
1.6564 0.2127 -0.0958
1.6406 0.1949 -0.1049
1.5954 0.1614 -0.1235
1.4925 0.1400 -0.1358
1.4009 0.1122 -0.1484
1.3390 0.0887 -0.1681
1.2938 0.0867 -0.1752
1.2653 0.1051 -0.1862
1.4704 0.3476 -0.2567
1.5146 0.3711 -0.2503
1.5412 0.3838 -0.2417
1.5269 0.3908 -0.2269
1.4908 0.3946 -0.2251
1.4754 0.3861 -0.2263
1.4810 0.3807 -0.2210
1.5072 0.3826 -0.1978
1.0172 0.1135 0.0101
0.9670 0.0667 0.0052
0.9105 0.0385 -0.0197
0.8413 0.0185 -0.0528
0.8077 0.0029 -0.0875
0.7799 0.0046 -0.1087
0.7741 0.0061 -0.1205
0.7384 0.0078 -0.1066
0.1113 -0.0651 -0.0680
0.0886 -0.0764 -0.0469
0.0979 -0.0922 -0.0165
0.0993 -0.0930 -0.0047
0.0985 -0.0988 0.0005
0.0591 -0.1055 0.0040
0.0220 -0.1243 0.0072
-0.0250 -0.1307 0.0136
-0.1914 -0.1772 -0.0736
-0.2468 -0.1724 -0.1090
-0.2691 -0.1669 -0.1237
-0.3103 -0.1587 -0.1272
-0.3354 -0.1461 -0.1332
-0.3674 -0.1323 -0.1330
-0.4078 -0.1219 -0.1297
-0.4511 -0.1011 -0.1345
-0.4780 0.0512 -0.1122
-0.5093 0.0531 -0.1074
-0.5111 0.0538 -0.1025
-0.5070 0.0649 -0.1026
-0.5017 0.0732 -0.0916
-0.4614 0.0761 -0.0808
-0.4204 0.0916 -0.0635
-0.3877 0.0961 -0.0449
-0.2167 0.0008 -0.0388
-0.2033 -0.0110 -0.0392
-0.1993 -0.0338 -0.0495
-0.1927 -0.0512 -0.0560
-0.1442 -0.0463 -0.0570
-0.0643 -0.0373 -0.0533
0.0084 -0.0240 -0.0536
0.0585 -0.0058 -0.0712
-0.0362 0.0099 -0.1051
-0.0689 0.0217 -0.1066
-0.1086 0.0325 -0.1069
-0.1286 0.0391 -0.0997
-0.1448 0.0408 -0.0982
-0.1585 0.0457 -0.0925
-0.1545 0.0490 -0.0768
-0.1338 0.0522 -0.0574
-0.1342 0.0142 -0.0170
-0.0916 0.0209 -0.0160
-0.0680 0.0241 -0.0125
-0.0741 0.0321 -0.0072
-0.0834 0.0272 -0.0203
-0.1042 0.0220 -0.0374
-0.1187 0.0188 -0.0444
-0.0982 0.0086 -0.0507
0.0024 0.0209 -0.0898
-0.0163 0.0185 -0.0846
-0.0382 0.0163 -0.0951
-0.0591 0.0110 -0.0947
-0.0681 0.0040 -0.1005
-0.1083 0.0029 -0.1132
-0.1005 0.0063 -0.1087
-0.0686 0.0098 -0.1139
-0.0622 0.1071 -0.0733
-0.0696 0.1055 -0.0776
-0.1164 0.0983 -0.0913
-0.1029 0.0980 -0.0929
-0.1376 0.0906 -0.0942
-0.1475 0.0822 -0.0948
-0.1452 0.0652 -0.0912
-0.1361 0.0539 -0.0822
-0.0194 0.0121 -0.0273
-0.0241 -0.0005 -0.0194
-0.0360 -0.0092 -0.0180
-0.0454 -0.0237 -0.0140
-0.0441 -0.0321 -0.0098
-0.0209 -0.0316 -0.0093
0.0020 -0.0231 -0.0050
0.0359 -0.0165 -0.0134
-0.0539 0.0170 -0.0429
-0.0538 0.0241 -0.0412
-0.0644 0.0221 -0.0745
-0.0841 0.0217 -0.0304
-0.0936 0.0223 -0.0342
-0.0961 0.0182 -0.0319
-0.0909 0.0192 -0.0396
-0.0806 0.0186 -0.0432
0.0058 0.0076 -0.0298
-0.0070 -0.0032 -0.0212
-0.0383 -0.0049 -0.0188
-0.0531 -0.0015 -0.0221
-0.0623 -0.0009 -0.0163
-0.0635 0.0058 -0.0110
-0.0518 0.0122 -0.0144
-0.0359 0.0134 -0.0195
-0.0069 0.0160 -0.0715
-0.0066 0.0188 -0.0736
-0.0111 0.0203 -0.0683
-0.0186 0.0211 -0.0738
-0.0159 0.0370 -0.0727
-0.0084 0.0593 -0.0600
0.0050 0.0744 -0.0512
-0.0134 0.0983 -0.0394
-0.2847 0.2876 0.0145
-0.3060 0.3068 0.0073
-0.3248 0.3445 0.0162
-0.3413 0.3874 0.0130
-0.3711 0.4310 0.0078
-0.3665 0.4575 -0.0066
-0.3671 0.4940 -0.0116
-0.3589 0.5287 -0.0156
-0.3192 0.7280 -0.0843
-0.3425 0.7529 -0.0904
-0.3627 0.7756 -0.0837
-0.4023 0.7918 -0.0874
-0.4285 0.8183 -0.0858
-0.4522 0.8401 -0.0750
-0.4701 0.8699 -0.0579
-0.4937 0.9087 -0.0447
-0.3034 1.2204 0.1413
-0.2958 1.2153 0.1468
-0.3163 1.2130 0.1668
-0.3812 1.2242 0.1883
-0.4432 1.2271 0.1930
-0.5005 1.2428 0.2083
-0.5195 1.2477 0.2086
-0.5324 1.2492 0.2294
