0.0000 0.0001 0.0006
0.0013 0.0021 0.0032
0.0044 0.0058 0.0074
0.0092 0.0112 0.0133
0.0157 0.0182 0.0210
0.0239 0.0271 0.0304
0.0340 0.0378 0.0417
0.0459 0.0503 0.0549
0.0596 0.0646 0.0699
0.0753 0.0809 0.0868
0.0928 0.0990 0.1054
0.1119 0.1186 0.1255
0.1326 0.1399 0.1473
0.1549 0.1627 0.1706
0.1787 0.1870 0.1955
0.2042 0.2132 0.2223
0.2316 0.2411 0.2509
0.2608 0.2709 0.2812
0.2916 0.3023 0.3131
0.3241 0.3353 0.3467
0.3582 0.3700 0.3819
0.3940 0.4063 0.4187
0.4314 0.4442 0.4572
0.4704 0.4837 0.4973
0.5111 0.5250 0.5392
0.5535 0.5680 0.5827
0.5976 0.6128 0.6281
0.6436 0.6592 0.6751
0.6911 0.7074 0.7238
0.7404 0.7572 0.7742
0.7914 0.8087 0.8263
0.8441 0.8620 0.8803
0.8987 0.9174 0.9362
0.9553 0.9745 0.9939
1.0135 1.0333 1.0534
1.0737 1.0941 1.1148
1.1357 1.1568 1.1781
1.1997 1.2215 1.2435
1.2658 1.2882 1.3108
1.3336 1.3567 1.3801
1.4037 1.4275 1.4515
1.4756 1.5000 1.5244
1.5491 1.5739 1.5989
1.6241 1.6494 1.6750
1.7007 1.7267 1.7528
1.7792 1.8058 1.8325
1.8593 1.8863 1.9133
1.9405 1.9679 1.9953
2.0230 2.0507 2.0786
2.1067 2.1348 2.1631
2.1916 2.2202 2.2491
2.2780 2.3069 2.3359
2.3650 2.3941 2.4234
2.4528 2.4823 2.5119
2.5415 2.5711 2.6008
2.6305 2.6602 2.6899
2.7197 2.7495 2.7794
2.8092 2.8391 2.8689
2.8988 2.9287 2.9586
2.9886 3.0187 3.0490
3.0795 3.1100 3.1408
3.1716 3.2026 3.2337
3.2650 3.2965 3.3281
3.3598 3.3917 3.4239
3.4562 3.4886 3.5213
3.5540 3.5869 3.6199
3.6531 3.6864 3.7199
3.7535 3.7873 3.8212
3.8552 3.8894 3.9237
3.9582 3.9928 4.0274
4.0622 4.0970 4.1319
4.1669 4.2020 4.2371
4.2723 4.3076 4.3430
4.3785 4.4141 4.4497
4.4855 4.5213 4.5571
4.5930 4.6290 4.6652
4.7014 4.7377 4.7742
4.8107 4.8472 4.8838
4.9205 4.9574 4.9944
5.0315 5.0688 5.1061
5.1436 5.1813 5.2191
5.2570 5.2951 5.3333
5.3718 5.4104 5.4492
5.4882 5.5275 5.5668
5.6064 5.6462 5.6861
5.7263 5.7667 5.8073
5.8481 5.8893 5.9306
5.9722 6.0140 6.0560
6.0982 6.1406 6.1833
6.2262 6.2693 6.3126
6.3561 6.3998 6.4437
6.4879 6.5323 6.5770
6.6219 6.6671 6.7125
6.7582 6.8040 6.8501
6.8964 6.9430 6.9898
7.0368 7.0840 7.1314
7.1789 7.2267 7.2747
7.3229 7.3713 7.4199
7.4687 7.5177 7.5669
7.6162 7.6658 7.7155
7.7654 7.8155 7.8657
7.9161 7.9666 8.0173
8.0681 8.1191 8.1703
8.2216 8.2731 8.3248
8.3766 8.4285 8.4806
8.5329 8.5853 8.6379
8.6906 8.7434 8.7965
8.8496 8.9030 8.9565
9.0101 9.0639 9.1178
9.1719 9.2262 9.2806
9.3352 9.3899 9.4448
9.4998 9.5549 9.6102
9.6657 9.7213 9.7770
9.8329 9.8890 9.9452
10.0016 10.0581 10.1148
10.1716 10.2286 10.2857
10.3429 10.4003 10.4579
10.5156 10.5734 10.6314
10.6895 10.7478 10.8062
10.8648 10.9235 10.9824
11.0415 11.1007 11.1601
11.2196 11.2794 11.3392
11.3993 11.4595 11.5199
11.5805 11.6412 11.7021
11.7632 11.8244 11.8858
11.9473 12.0090 12.0708
12.1328 12.1949 12.2573
12.3198 12.3824 12.4453
12.5083 12.5714 12.6347
12.6982 12.7618 12.8255
12.8894 12.9534 13.0176
13.0819 13.1464 13.2110
13.2758 13.3407 13.4058
13.4710 13.5364 13.6019
13.6675 13.7333 13.7993
13.8654 13.9316 13.9980
14.0645 14.1312 14.1980
14.2650 14.3321 14.3995
14.4670 14.5346 14.6024
14.6704 14.7385 14.8067
14.8751 14.9437 15.0124
15.0813 15.1504 15.2196
15.2890 15.3586 15.4284
15.4983 15.5685 15.6388
15.7093 15.7800 15.8508
15.9217 15.9928 16.0640
16.1353 16.2068 16.2785
16.3503 16.4223 16.4944
16.5668 16.6393 16.7119
16.7847 16.8577 16.9308
17.0042 17.0776 17.1513
17.2252 17.2992 17.3734
17.4478 17.5224 17.5971
17.6721 17.7472 17.8225
17.8979 17.9736 18.0494
18.1254 18.2016 18.2781
18.3547 18.4315 18.5084
18.5856 18.6629 18.7405
18.8182 18.8962 18.9744
19.0528 19.1315 19.2103
19.2894 19.3688 19.4483
19.5282 19.6082 19.6885
19.7691 19.8498 19.9309
20.0122 20.0937 20.1755
20.2575 20.3398 20.4223
20.5050 20.5880 20.6713
20.7548 20.8386 20.9227
21.0071 21.0918 21.1768
21.2621 21.3476 21.4335
21.5196 21.6061 21.6928
21.7799 21.8672 21.9549
22.0429 22.1312 22.2199
22.3088 22.3981 22.4877
22.5776 22.6677 22.7582
22.8489 22.9400 23.0314
23.1230 23.2150 23.3073
23.4000 23.4929 23.5862
23.6798 23.7738 23.8682
23.9629 24.0580 24.1534
24.2491 24.3452 24.4417
24.5385 24.6357 24.7332
24.8311 24.9293 25.0277
25.1264 25.2254 25.3246
25.4242 25.5240 25.6241
25.7245 25.8253 25.9264
26.0278 26.1296 26.2316
26.3339 26.4366 26.5395
26.6427 26.7462 26.8500
26.9540 27.0583 27.1629
27.2678 27.3729 27.4783
27.5839 27.6897 27.7958
27.9021 28.0087 28.1154
28.2224 28.3296 28.4369
28.5442 28.6517 28.7593
28.8671 28.9750 29.0830
29.1912 29.2997 29.4084
29.5173 29.6264 29.7357
29.8452 29.9549 30.0649
30.1753 30.2858 30.3967
30.5077 30.6191 30.7306
30.8424 30.9545 31.0668
31.1793 31.2921 31.4052
31.5185 31.6321 31.7459
31.8599 31.9741 32.0885
32.2031 32.3178 32.4327
32.5477 32.6628 32.7782
32.8939 33.0098 33.1259
33.2423 33.3589 33.4756
33.5925 33.7095 33.8267
33.9441 34.0616 34.1793
34.2971 34.4150 34.5329
34.6510 34.7694 34.8880
35.0067 35.1257 35.2450
35.3645 35.4842 35.6041
35.7241 35.8443 35.9647
36.0852 36.2059 36.3268
36.4479 36.5692 36.6907
36.8124 36.9342 37.0563
37.1785 37.3009 37.4235
37.5463 37.6693 37.7925
37.9160 38.0396 38.1634
38.2874 38.4114 38.5356
38.6600 38.7845 38.9092
39.0341 39.1592 39.2845
39.4101 39.5359 39.6619
39.7880 39.9143 40.0407
40.1672 40.2938 40.4206
40.5476 40.6748 40.8022
40.9298 41.0576 41.1857
41.3140 41.4426 41.5714
41.7003 41.8294 41.9586
42.0879 42.2174 42.3470
42.4767 42.6065 42.7364
42.8664 42.9966 43.1269
43.2574 43.3879 43.5186
43.6495 43.7805 43.9116
44.0430 44.1745 44.3062
44.4380 44.5701 44.7023
44.8347 44.9673 45.1000
45.2329 45.3660 45.4992
45.6326 45.7662 45.9000
46.0339 46.1681 46.3024
46.4370 46.5717 46.7065
46.8415 46.9766 47.1118
47.2472 47.3827 47.5184
47.6542 47.7902 47.9263
48.0625 48.1989 48.3354
48.4719 48.6086 48.7452
48.8820 49.0190 49.1561
49.2933 49.4307 49.5681
49.7057 49.8434 49.9812
50.1191 50.2570 50.3951
50.5331 50.6713 50.8096
50.9479 51.0863 51.2247
51.3633 51.5020 51.6407
51.7796 51.9186 52.0576
52.1968 52.3361 52.4755
52.6149 52.7543 52.8938
53.0334 53.1731 53.3129
53.4527 53.5927 53.7328
53.8730 54.0133 54.1538
54.2944 54.4352 54.5760
54.7170 54.8580 54.9990
55.1402 55.2815 55.4229
55.5644 55.7061 55.8478
55.9897 56.1316 56.2736
56.4157 56.5579 56.7002
56.8427 56.9855 57.1285
57.2718 57.4153 57.5590
57.7029 57.8470 57.9912
58.1355 58.2800 58.4245
58.5691 58.7138 58.8586
59.0034 59.1484 59.2936
59.4389 59.5844 59.7300
59.8758 60.0218 60.1678
60.3140 60.4604 60.6069
60.7535 60.9002 61.0472
61.1942 61.3415 61.4888
61.6364 61.7841 61.9321
62.0802 62.2284 62.3768
62.5254 62.6742 62.8230
62.9721 63.1213 63.2706
63.4201 63.5697 63.7194
63.8693 64.0193 64.1696
64.3200 64.4706 64.6214
64.7724 64.9236 65.0749
65.2265 65.3782 65.5301
65.6821 65.8342 65.9865
66.1389 66.2915 66.4443
66.5973 66.7504 66.9037
67.0571 67.2106 67.3642
67.5180 67.6719 67.8259
67.9801 68.1344 68.2887
68.4432 68.5978 68.7524
68.9072 69.0620 69.2170
69.3720 69.5271 69.6824
69.8377 69.9931 70.1486
70.3041 70.4598 70.6155
70.7713 70.9272 71.0831
71.2391 71.3951 71.5512
71.7073 71.8635 72.0197
72.1759 72.3322 72.4886
72.6450 72.8016 72.9582
73.1150 73.2718 73.4288
73.5858 73.7430 73.9003
74.0577 74.2152 74.3729
74.5307 74.6886 74.8467
75.0049 75.1633 75.3217
75.4803 75.6390 75.7978
75.9567 76.1157 76.2748
76.4341 76.5935 76.7531
76.9129 77.0729 77.2330
77.3934 77.5539 77.7145
77.8753 78.0362 78.1972
78.3583 78.5196 78.6809
78.8424 79.0041 79.1660
79.3280 79.4902 79.6525
79.8151 79.9777 80.1406
80.3035 80.4666 80.6298
80.7932 80.9566 81.1202
81.2839 81.4478 81.6118
81.7759 81.9402 82.1046
82.2692 82.4340 82.5990
82.7640 82.9292 83.0945
83.2600 83.4257 83.5915
83.7575 83.9236 84.0899
84.2564 84.4230 84.5898
84.7567 84.9238 85.0911
85.2586 85.4262 85.5941
85.7621 85.9303 86.0987
86.2673 86.4360 86.6050
86.7741 86.9434 87.1129
87.2825 87.4523 87.6223
87.7925 87.9627 88.1332
88.3039 88.4748 88.6459
88.8172 88.9888 89.1606
89.3327 89.5051 89.6776
89.8504 90.0233 90.1964
90.3696 90.5430 90.7166
90.8903 91.0643 91.2385
91.4129 91.5875 91.7624
91.9374 92.1127 92.2881
92.4636 92.6393 92.8151
92.9910 93.1670 93.3431
93.5194 93.6958 93.8724
94.0491 94.2261 94.4032
94.5805 94.7580 94.9357
95.1136 95.2916 95.4698
95.6480 95.8264 96.0049
96.1836 96.3624 96.5413
96.7204 96.8997 97.0791
97.2586 97.4383 97.6182
97.7982 97.9784 98.1587
98.3391 98.5196 98.7003
98.8811 99.0620 99.2431
99.4243 99.6057 99.7871
99.9688 100.1505 100.3323
100.5143 100.6965 100.8787
101.0610 101.2435 101.4260
101.6086 101.7914 101.9742
102.1571 102.3401 102.5229
102.7058 102.8885 103.0712
103.2538 103.4363 103.6188
103.8011 103.9834 104.1656
104.3477 104.5297 104.7115
104.8932 105.0746 105.2559
105.4368 105.6173 105.7975
105.9774 106.1569 106.3359
106.5146 106.6928 106.8705
107.0476 107.2242 107.4003
107.5759 107.7508 107.9252
108.0991 108.2724 108.4451
108.6174 108.7890 108.9601
109.1307 109.3007 109.4701
109.6391 109.8075 109.9754
110.1429 110.3099 110.4764
110.6424 110.8080 110.9731
111.1377 111.3018 111.4654
111.6286 111.7913 111.9535
112.1152 112.2765 112.4373
112.5976 112.7574 112.9167
113.0755 113.2338 113.3916
113.5489 113.7057 113.8620
114.0178 114.1731 114.3279
114.4823 114.6362 114.7897
114.9428 115.0954 115.2477
115.3996 115.5511 115.7022
115.8531 116.0040 116.1549
116.3057 116.4565 116.6072
116.7578 116.9083 117.0588
117.2093 117.3599 117.5106
117.6614 117.8124 117.9636
118.1150 118.2666 118.4184
118.5704 118.7227 118.8753
119.0282 119.1815 119.3351
119.4892 119.6436 119.7984
119.9536 120.1091 120.2651
120.4214 120.5781 120.7352
120.8926 121.0505 121.2088
121.3676 121.5267 121.6863
121.8463 122.0068 122.1678
122.3293 122.4913 122.6538
122.8168 122.9803 123.1443
123.3089 123.4739 123.6395
123.8056 123.9723 124.1395
124.3072 124.4755 124.6442
124.8135 124.9832 125.1534
125.3241 125.4952 125.6668
125.8389 126.0113 126.1841
126.3573 126.5308 126.7047
126.8790 127.0537 127.2287
127.4041 127.5799 127.7561
127.9327 128.1097 128.2871
128.4649 128.6430 128.8215
129.0005 129.1799 129.3598
129.5401 129.7208 129.9021
130.0837 130.2659 130.4485
130.6316 130.8153 130.9994
131.1840 131.3690 131.5547
131.7408 131.9275 132.1147
132.3025 132.4907 132.6795
132.8688 133.0586 133.2488
133.4394 133.6304 133.8218
134.0136 134.2057 134.3983
134.5913 134.7846 134.9781
135.1719 135.3658 135.5600
135.7543 135.9486 136.1431
136.3377 136.5322 136.7267
136.9211 137.1155 137.3097
137.5037 137.6974 137.8910
138.0843 138.2773 138.4701
138.6626 138.8548 139.0468
139.2385 139.4298 139.6206
139.8111 140.0011 140.1908
140.3800 140.5688 140.7572
140.9451 141.1326 141.3196
141.5061 141.6921 141.8776
142.0627 142.2472 142.4312
142.6148 142.7978 142.9803
143.1624 143.3439 143.5250
143.7056 143.8857 144.0653
144.2445 144.4231 144.6012
144.7789 144.9560 145.1326
145.3087 145.4843 145.6594
145.8341 146.0083 146.1820
146.3551 146.5277 146.6998
146.8714 147.0425 147.2130
147.3831 147.5528 147.7221
147.8911 148.0597 148.2280
148.3960 148.5636 148.7310
148.8980 149.0648 149.2315
149.3980 149.5645 149.7309
149.8974 150.0638 150.2303
150.3968 150.5634 150.7301
150.8971 151.0644 151.2319
151.3997 151.5676 151.7358
151.9042 152.0729 152.2418
152.4111 152.5807 152.7505
152.9207 153.0912 153.2621
153.4334 153.6052 153.7774
153.9500 154.1232 154.2968
154.4709 154.6455 154.8205
154.9961 155.1722 155.3489
155.5262 155.7040 155.8823
156.0611 156.2404 156.4202
156.6005 156.7812 156.9624
157.1440 157.3261 157.5086
157.6917 157.8755 158.0598
158.2448 158.4303 158.6164
158.8030 158.9902 159.1778
159.3659 159.5545 159.7436
159.9332 160.1233 160.3138
160.5048 160.6963 160.8884
161.0810 161.2741 161.4677
161.6618 161.8565 162.0516
162.2473 162.4435 162.6402
162.8375 163.0353 163.2338
163.4328 163.6323 163.8324
164.0329 164.2340 164.4355
164.6375 164.8400 165.0430
165.2465 165.4504 165.6548
165.8596 166.0649 166.2705
166.4766 166.6830 166.8898
167.0969 167.3043 167.5120
167.7200 167.9283 168.1368
168.3455 168.5544 168.7635
168.9727 169.1820 169.3915
169.6012 169.8110 170.0209
170.2309 170.4410 170.6512
170.8614 171.0717 171.2821
171.4926 171.7031 171.9136
172.1241 172.3345 172.5447
172.7548 172.9648 173.1746
173.3843 173.5938 173.8031
174.0123 174.2214 174.4303
174.6391 174.8477 175.0562
175.2645 175.4727 175.6808
175.8888 176.0966 176.3044
176.5120 176.7195 176.9269
177.1343 177.3415 177.5487
177.7558 177.9628 178.1697
178.3766 178.5835 178.7902
178.9970 179.2036 179.4103
179.6169 179.8234 180.0299
180.2363 180.4427 180.6490
180.8552 181.0614 181.2676
181.4736 181.6797 181.8857
182.0916 182.2976 182.5034
182.7092 182.9149 183.1206
183.3263 183.5319 183.7374
183.9430 184.1484 184.3539
184.5593 184.7646 184.9700
185.1753 185.3805 185.5858
185.7910 185.9962 186.2013
186.4064 186.6114 186.8164
187.0214 187.2263 187.4312
187.6361 187.8409 188.0458
188.2506 188.4553 188.6600
188.8647 189.0694 189.2740
189.4786 189.6831 189.8876
190.0921 190.2966 190.5010
190.7054 190.9098 191.1141
191.3185 191.5228 191.7271
191.9313 192.1356 192.3398
192.5440 192.7482 192.9524
193.1566 193.3608 193.5649
193.7691 193.9732 194.1774
194.3816 194.5858 194.7900
194.9942 195.1985 195.4029
195.6073 195.8117 196.0162
196.2209 196.4256 196.6304
196.8354 197.0405 197.2457
197.4510 197.6564 197.8619
198.0675 0.0000 0.0001
0.0003 0.0006 0.0012
0.0020 0.0029 0.0040
0.0051 0.0063 0.0077
0.0095 0.0114 0.0136
0.0160 0.0185 0.0212
0.0240 0.0271 0.0304
0.0339 0.0375 0.0413
0.0453 0.0496 0.0540
0.0586 0.0634 0.0684
0.0736 0.0790 0.0847
0.0905 0.0966 0.1030
0.1096 0.1165 0.1237
0.1312 0.1390 0.1471
0.1554 0.1641 0.1730
0.1822 0.1918 0.2016
0.2117 0.2221 0.2328
0.2437 0.2549 0.2663
0.2781 0.2901 0.3024
0.3149 0.3277 0.3408
0.3542 0.3678 0.3817
0.3959 0.4103 0.4250
0.4400 0.4552 0.4707
0.4864 0.5024 0.5186
0.5351 0.5520 0.5691
0.5864 0.6040 0.6219
0.6400 0.6584 0.6771
0.6960 0.7151 0.7345
0.7541 0.7739 0.7940
0.8143 0.8348 0.8554
0.8763 0.8973 0.9186
0.9401 0.9619 0.9838
1.0061 1.0286 1.0513
1.0742 1.0972 1.1204
1.1436 1.1668 1.1902
1.2136 1.2372 1.2609
1.2848 1.3089 1.3331
1.3574 1.3817 1.4061
1.4306 1.4550 1.4796
1.5042 1.5289 1.5537
1.5787 1.6038 1.6290
1.6541 1.6792 1.7043
1.7293 1.7540 1.7786
1.8030 1.8274 1.8518
1.8763 1.9007 1.9252
1.9497 1.9742 1.9986
2.0228 2.0467 2.0703
2.0934 2.1163 2.1388
2.1610 2.1828 2.2044
2.2258 2.2469 2.2679
2.2887 2.3094 2.3298
2.3501 2.3702 2.3901
2.4100 2.4298 2.4495
2.4691 2.4887 2.5082
2.5277 2.5470 2.5662
2.5854 2.6045 2.6236
2.6425 2.6614 2.6803
2.6991 2.7178 2.7364
2.7550 2.7735 2.7919
2.8103 2.8285 2.8467
2.8648 2.8828 2.9007
2.9185 2.9362 2.9538
2.9713 2.9887 3.0059
3.0231 3.0401 3.0570
3.0739 3.0907 3.1074
3.1240 3.1405 3.1569
3.1732 3.1895 3.2056
3.2217 3.2376 3.2535
3.2693 3.2849 3.3005
3.3160 3.3314 3.3468
3.3620 3.3772 3.3923
3.4073 3.4222 3.4370
3.4517 3.4663 3.4809
3.4955 3.5100 3.5245
3.5389 3.5533 3.5676
3.5819 3.5962 3.6103
3.6244 3.6384 3.6523
3.6661 3.6799 3.6936
3.7072 3.7209 3.7345
3.7482 3.7618 3.7754
3.7890 3.8025 3.8160
3.8294 3.8427 3.8559
3.8690 3.8820 3.8949
3.9077 3.9204 3.9327
3.9448 3.9567 3.9683
3.9798 3.9911 4.0023
4.0134 4.0244 4.0353
4.0462 4.0569 4.0675
4.0779 4.0883 4.0985
4.1085 4.1184 4.1281
4.1377 4.1471 4.1564
4.1657 4.1749 4.1839
4.1928 4.2017 4.2104
4.2191 4.2277 4.2363
4.2447 4.2533 4.2618
4.2704 4.2790 4.2878
4.2966 4.3055 4.3144
4.3233 4.3323 4.3414
4.3505 4.3597 4.3689
4.3781 4.3875 4.3971
4.4067 4.4165 4.4265
4.4366 4.4468 4.4571
4.4676 4.4782 4.4888
4.4996 4.5105 4.5215
4.5325 4.5437 4.5549
4.5663 4.5777 4.5893
4.6010 4.6128 4.6247
4.6366 4.6486 4.6607
4.6730 4.6852 4.6976
4.7100 4.7225 4.7351
4.7478 4.7605 4.7732
4.7860 4.7989 4.8117
4.8246 4.8376 4.8505
4.8636 4.8766 4.8897
4.9029 4.9162 4.9295
4.9429 4.9564 4.9699
4.9834 4.9970 5.0106
5.0243 5.0380 5.0519
5.0658 5.0797 5.0937
5.1078 5.1219 5.1360
5.1503 5.1646 5.1790
5.1934 5.2078 5.2223
5.2368 5.2514 5.2660
5.2806 5.2952 5.3099
5.3245 5.3393 5.3540
5.3688 5.3836 5.3984
5.4132 5.4280 5.4428
5.4576 5.4724 5.4872
5.5020 5.5168 5.5316
5.5464 5.5612 5.5760
5.5907 5.6055 5.6203
5.6351 5.6498 5.6645
5.6791 5.6938 5.7084
5.7229 5.7375 5.7520
5.7664 5.7809 5.7953
5.8098 5.8243 5.8388
5.8533 5.8678 5.8823
5.8968 5.9112 5.9257
5.9401 5.9545 5.9688
5.9832 5.9975 6.0117
6.0258 6.0398 6.0536
6.0672 6.0806 6.0936
6.1065 6.1193 6.1321
6.1448 6.1574 6.1700
6.1825 6.1950 6.2074
6.2197 6.2319 6.2440
6.2560 6.2679 6.2796
6.2913 6.3030 6.3146
6.3262 6.3378 6.3494
6.3609 6.3725 6.3841
6.3957 6.4073 6.4189
6.4306 6.4424 6.4542
6.4661 6.4779 6.4898
6.5017 6.5136 6.5256
6.5376 6.5497 6.5618
6.5741 6.5865 6.5989
6.6115 6.6241 6.6370
6.6500 6.6632 6.6764
6.6896 6.7029 6.7163
6.7298 6.7434 6.7571
6.7709 6.7847 6.7986
6.8126 6.8266 6.8407
6.8549 6.8692 6.8835
6.8979 6.9125 6.9271
6.9418 6.9567 6.9716
6.9867 7.0018 7.0170
7.0323 7.0477 7.0632
7.0788 7.0945 7.1104
7.1264 7.1425 7.1587
7.1751 7.1917 7.2083
7.2252 7.2422 7.2594
7.2768 7.2943 7.3120
7.3298 7.3478 7.3659
7.3842 7.4026 7.4211
7.4398 7.4586 7.4776
7.4967 7.5160 7.5355
7.5552 7.5750 7.5949
7.6150 7.6353 7.6558
7.6765 7.6974 7.7184
7.7397 7.7612 7.7830
7.8050 7.8273 7.8499
7.8728 7.8959 7.9193
7.9428 7.9664 7.9901
8.0138 8.0377 8.0618
8.0859 8.1103 8.1349
8.1598 8.1850 8.2106
8.2366 8.2628 8.2895
8.3164 8.3436 8.3710
8.3985 8.4261 8.4539
8.4817 8.5096 8.5376
8.5657 8.5938 8.6219
8.6501 8.6783 8.7065
8.7348 8.7632 8.7915
8.8198 8.8481 8.8763
8.9044 8.9324 8.9603
8.9883 9.0161 9.0439
9.0715 9.0990 9.1265
9.1539 9.1811 9.2083
9.2353 9.2621 9.2886
9.3151 9.3413 9.3675
9.3936 9.4196 9.4455
9.4713 9.4970 9.5226
9.5481 9.5734 9.5987
9.6239 9.6491 9.6743
9.6994 9.7246 9.7498
9.7750 9.8003 9.8255
9.8507 9.8759 9.9011
9.9262 9.9513 9.9764
10.0016 10.0268 10.0520
10.0773 10.1026 10.1279
10.1532 10.1785 10.2039
10.2293 10.2548 10.2803
10.3057 10.3311 10.3565
10.3819 10.4073 10.4326
10.4579 10.4833 10.5087
10.5342 10.5597 10.5852
10.6107 10.6362 10.6617
10.6872 10.7128 10.7385
10.7641 10.7898 10.8155
10.8412 10.8669 10.8926
10.9182 10.9439 10.9695
10.9953 11.0211 11.0470
11.0730 11.0989 11.1249
11.1508 11.1767 11.2025
11.2283 11.2540 11.2796
11.3052 11.3309 11.3567
11.3826 11.4086 11.4346
11.4608 11.4868 11.5127
11.5385 11.5641 11.5897
11.6151 11.6405 11.6657
11.6910 11.7163 11.7415
11.7668 11.7920 11.8172
11.8423 11.8675 11.8926
11.9178 11.9430 11.9684
11.9938 12.0193 12.0449
12.0705 12.0962 12.1219
12.1476 12.1733 12.1993
12.2254 12.2516 12.2781
12.3047 12.3314 12.3582
12.3852 12.4123 12.4395
12.4668 12.4942 12.5218
12.5496 12.5776 12.6058
12.6342 12.6627 12.6913
12.7201 12.7489 12.7780
12.8072 12.8367 12.8663
12.8961 12.9261 12.9562
12.9864 13.0168 13.0472
13.0776 13.1080 13.1384
13.1688 13.1993 13.2299
13.2606 13.2913 13.3220
13.3529 13.3838 13.4148
13.4458 13.4770 13.5081
13.5393 13.5705 13.6017
13.6329 13.6642 13.6955
13.7268 13.7581 13.7895
13.8208 13.8522 13.8836
13.9150 13.9463 13.9777
14.0091 14.0405 14.0719
14.1033 14.1347 14.1661
14.1975 14.2290 14.2605
14.2921 14.3238 14.3556
14.3875 14.4195 14.4516
14.4838 14.5160 14.5482
14.5805 14.6127 14.6450
14.6774 14.7098 14.7423
14.7748 14.8074 14.8400
14.8727 14.9053 14.9380
14.9708 15.0037 15.0368
15.0703 15.1038 15.1375
15.1714 15.2053 15.2393
15.2733 15.3072 15.3411
15.3749 15.4086 15.4422
15.4757 15.5091 15.5425
15.5760 15.6095 15.6431
15.6767 15.7104 15.7442
15.7779 15.8115 15.8451
15.8785 15.9118 15.9451
15.9783 16.0114 16.0446
16.0777 16.1108 16.1440
16.1772 16.2105 16.2438
16.2772 16.3106 16.3441
16.3777 16.4115 16.4454
16.4794 16.5134 16.5475
16.5816 16.6156 16.6497
16.6837 16.7176 16.7515
16.7854 16.8193 16.8531
16.8869 16.9208 16.9549
16.9890 17.0234 17.0578
17.0925 17.1273 17.1623
17.1973 17.2326 17.2680
17.3036 17.3394 17.3755
17.4117 17.4481 17.4848
17.5216 17.5585 17.5956
17.6329 17.6703 17.7080
17.7459 17.7840 17.8223
17.8609 17.8997 17.9387
17.9780 18.0175 18.0573
18.0974 18.1376 18.1781
18.2187 18.2596 18.3007
18.3420 18.3836 18.4254
18.4675 18.5099 18.5525
18.5954 18.6386 18.6819
18.7255 18.7692 18.8132
18.8573 18.9017 18.9463
18.9911 19.0361 19.0814
19.1268 19.1725 19.2183
19.2643 19.3105 19.3569
19.4034 19.4501 19.4970
19.5441 19.5913 19.6388
19.6865 19.7345 19.7826
19.8308 19.8792 19.9277
19.9763 20.0249 20.0736
20.1224 20.1712 20.2202
20.2692 20.3185 20.3679
20.4174 20.4670 20.5167
20.5665 20.6164 20.6665
20.7166 20.7670 20.8175
20.8682 20.9190 20.9699
21.0210 21.0723 21.1239
21.1756 21.2275 21.2796
21.3318 21.3842 21.4368
21.4896 21.5426 21.5960
21.6496 21.7035 21.7577
21.8122 21.8670 21.9218
21.9767 22.0318 22.0871
22.1426 22.1982 22.2542
22.3103 22.3666 22.4230
22.4795 22.5362 22.5930
22.6500 22.7071 22.7643
22.8219 22.8796 22.9376
22.9957 23.0541 23.1126
23.1713 23.2303 23.2894
23.3488 23.4085 23.4685
23.5287 23.5892 23.6500
23.7112 23.7727 23.8346
23.8969 23.9596 24.0227
24.0861 24.1499 24.2140
24.2783 24.3429 24.4076
24.4726 24.5377 24.6030
24.6685 24.7342 24.8003
24.8666 24.9333 25.0002
25.0675 25.1350 25.2028
25.2707 25.3388 25.4070
25.4753 25.5437 25.6122
25.6808 25.7495 25.8182
25.8871 25.9561 26.0252
26.0944 26.1638 26.2333
26.3030 26.3729 26.4429
26.5130 26.5832 26.6536
26.7241 26.7947 26.8655
26.9363 27.0074 27.0786
27.1499 27.2213 27.2929
27.3646 27.4365 27.5085
27.5807 27.6530 27.7255
27.7981 27.8709 27.9438
28.0168 28.0900 28.1634
28.2370 28.3107 28.3845
28.4585 28.5325 28.6068
28.6811 28.7553 28.8294
28.9036 28.9777 29.0519
29.1260 29.2001 29.2740
29.3477 29.4210 29.4941
29.5670 29.6397 29.7121
29.7843 29.8562 29.9278
29.9990 30.0698 30.1403
30.2103 30.2798 30.3488
30.4173 30.4854 30.5528
30.6197 30.6860 30.7517
30.8168 30.8811 30.9447
31.0076 31.0696 31.1309
31.1912 31.2505 31.3090
31.3665 31.4232 31.4791
31.5342 31.5884 31.6418
31.6944 31.7461 31.7970
31.8471 31.8965 31.9451
31.9929 32.0401 32.0864
32.1321 32.1772 32.2215
32.2652 32.3083 32.3507
32.3924 32.4334 32.4736
32.5132 32.5520 32.5901
32.6274 32.6639 32.6996
32.7346 32.7688 32.8021
32.8347 32.8664 32.8972
32.9272 32.9563 32.9846
33.0121 33.0388 33.0647
33.0898 33.1142 33.1378
33.1606 33.1827 33.2040
33.2246 33.2448 33.2647
33.2843 33.3037 33.3229
33.3418 33.3605 33.3789
33.3971 33.4150 33.4329
33.4506 33.4684 33.4861
33.5040 33.5219 33.5400
33.5583 33.5768 33.5956
33.6147 33.6344 33.6544
33.6750 33.6962 33.7179
33.7403 33.7633 33.7869
33.8111 33.8360 33.8614
33.8876 33.9144 33.9419
33.9702 33.9991 34.0289
34.0593 34.0906 34.1226
34.1555 34.1892 34.2238
34.2593 34.2957 34.3330
34.3711 34.4100 34.4498
34.4905 34.5321 34.5745
34.6177 34.6618 34.7066
34.7522 34.7986 34.8458
34.8937 34.9424 34.9919
35.0421 35.0930 35.1446
35.1969 35.2498 35.3033
35.3575 35.4123 35.4678
35.5239 35.5807 35.6382
35.6963 35.7551 35.8146
35.8747 35.9354 35.9968
36.0588 36.1216 36.1851
36.2494 36.3145 36.3804
36.4472 36.5148 36.5832
36.6524 36.7224 36.7931
36.8647 36.9372 37.0104
37.0845 37.1595 37.2354
37.3123 37.3900 37.4686
37.5482 37.6286 37.7098
37.7919 37.8746 37.9580
38.0420 38.1266 38.2118
38.2977 38.3841 38.4711
38.5585 38.6464 38.7346
38.8232 38.9119 39.0008
39.0899 39.1789 39.2679
39.3568 39.4457 39.5343
39.6227 39.7108 39.7984
39.8855 39.9721 40.0581
40.1436 40.2286 40.3129
40.3967 40.4800 40.5625
40.6441 40.7250 40.8049
40.8841 40.9624 41.0399
41.1166 41.1924 41.2674
41.3414 41.4146 41.4869
41.5584 41.6289 41.6986
41.7673 41.8351 41.9020
41.9679 42.0330 42.0971
42.1604 42.2228 42.2844
42.3452 42.4053 42.4645
42.5229 42.5805 42.6373
42.6932 42.7483 42.8025
42.8557 42.9081 42.9595
43.0100 43.0596 43.1083
43.1560 43.2028 43.2488
43.2938 43.3380 43.3815
43.4241 43.4661 43.5075
43.5484 43.5888 43.6288
43.6683 43.7075 43.7463
43.7849 43.8233 43.8615
43.8996 43.9377 43.9757
44.0137 44.0517 44.0897
44.1279 44.1663 44.2049
44.2437 44.2827 44.3218
44.3611 44.4006 44.4404
44.4806 44.5212 44.5621
44.6034 44.6451 44.6872
44.7297 44.7727 44.8163
44.8604 44.9052 44.9507
44.9968 45.0437 45.0912
45.1395 45.1885 45.2384
45.2890 45.3405 45.3928
45.4459 45.4997 45.5544
45.6098 45.6661 45.7232
45.7811 45.8399 45.8994
45.9598 46.0212 46.0835
46.1469 46.2112 46.2765
46.3426 46.4096 46.4774
46.5461 46.6156 46.6860
46.7572 46.8292 46.9022
46.9760 47.0506 47.1261
47.2025 47.2798 47.3579
47.4370 47.5168 47.5975
47.6790 47.7614 47.8447
47.9290 48.0142 48.1004
48.1875 48.2754 48.3642
48.4538 48.5443 48.6356
48.7278 48.8206 48.9143
49.0087 49.1040 49.2000
49.2968 49.3944 49.4926
49.5915 49.6910 49.7911
49.8917 49.9929 50.0944
50.1964 50.2987 50.4013
50.5042 50.6073 50.7107
50.8142 50.9179 51.0218
51.1257 51.2299 51.3341
51.4384 51.5428 51.6472
51.7517 51.8561 51.9605
52.0649 52.1692 52.2735
52.3778 52.4819 52.5859
52.6895 52.7930 52.8961
52.9989 53.1015 53.2038
53.3058 53.4075 53.5090
53.6101 53.7110 53.8116
53.9120 54.0121 54.1119
54.2113 54.3104 54.4092
54.5077 54.6060 54.7039
54.8015 54.8989 54.9961
55.0931 55.1899 55.2864
55.3829 55.4791 55.5752
55.6711 55.7669 55.8625
55.9579 56.0532 56.1484
56.2434 56.3382 56.4328
56.5273 56.6216 56.7157
56.8097 56.9036 56.9973
57.0909 57.1843 57.2777
57.3708 57.4639 57.5568
57.6496 57.7422 57.8347
57.9271 58.0193 58.1114
58.2034 58.2952 58.3869
58.4785 58.5699 58.6612
58.7525 58.8435 58.9345
59.0253 59.1160 59.2066
59.2971 59.3875 59.4778
59.5680 59.6582 59.7482
59.8381 59.9280 60.0177
60.1074 60.1969 60.2863
60.3756 60.4648 60.5538
60.6428 60.7317 60.8205
60.9092 60.9978 61.0863
61.1747 61.2630 61.3511
61.4392 61.5272 61.6151
61.7029 61.7906 61.8782
61.9657 62.0531 62.1404
62.2276 62.3147 62.4016
62.4884 62.5751 62.6617
62.7482 62.8345 62.9208
63.0070 63.0932 63.1792
63.2653 63.3513 63.4373
63.5233 63.6093 63.6953
63.7813 63.8674 63.9535
64.0396 64.1257 0.0000
0.0005 0.0021 0.0048
0.0086 0.0136 0.0197
0.0268 0.0350 0.0443
0.0545 0.0658 0.0781
0.0914 0.1058 0.1212
0.1376 0.1550 0.1735
0.1929 0.2134 0.2349
0.2573 0.2808 0.3052
0.3306 0.3571 0.3845
0.4131 0.4426 0.4733
0.5051 0.5380 0.5721
0.6072 0.6435 0.6808
0.7194 0.7590 0.7997
0.8417 0.8847 0.9287
0.9738 1.0199 1.0671
1.1152 1.1643 1.2144
1.2655 1.3176 1.3707
1.4248 1.4799 1.5359
1.5930 1.6510 1.7099
1.7699 1.8308 1.8927
1.9556 2.0194 2.0842
2.1499 2.2167 2.2845
2.3532 2.4230 2.4938
2.5656 2.6383 2.7121
2.7869 2.8627 2.9396
3.0175 3.0965 3.1766
3.2577 3.3399 3.4231
3.5074 3.5928 3.6792
3.7668 3.8554 3.9451
4.0360 4.1279 4.2209
4.3150 4.4102 4.5065
4.6038 4.7021 4.8014
4.9017 5.0031 5.1054
5.2088 5.3132 5.4185
5.5246 5.6317 5.7397
5.8488 5.9590 6.0702
6.1824 6.2956 6.4098
6.5251 6.6412 6.7584
6.8766 6.9957 7.1158
7.2369 7.3590 7.4821
7.6062 7.7314 7.8574
7.9844 8.1124 8.2412
8.3710 8.5017 8.6333
8.7659 8.8995 9.0341
9.1697 9.3062 9.4437
9.5821 9.7214 9.8617
10.0029 10.1450 10.2880
10.4319 10.5767 10.7223
10.8689 11.0164 11.1647
11.3140 11.4642 11.6153
11.7673 11.9203 12.0741
12.2289 12.3846 12.5413
12.6989 12.8574 13.0169
13.1774 13.3387 13.5010
13.6641 13.8283 13.9933
14.1593 14.3262 14.4940
14.6628 14.8324 15.0030
15.1745 15.3470 15.5203
15.6946 15.8698 16.0459
16.2230 16.4010 16.5799
16.7598 16.9406 17.1224
17.3052 17.4889 17.6736
17.8594 18.0461 18.2338
18.4224 18.6121 18.8028
18.9944 19.1871 19.3807
19.5753 19.7709 19.9675
20.1650 20.3636 20.5631
20.7636 20.9651 21.1675
21.3708 21.5752 21.7804
21.9867 22.1938 22.4019
22.6109 22.8209 23.0318
23.2436 23.4563 23.6700
23.8846 24.1001 24.3166
24.5340 24.7523 24.9716
25.1918 25.4129 25.6349
25.8579 26.0818 26.3066
26.5324 26.7590 26.9866
27.2151 27.4446 27.6749
27.9061 28.1382 28.3712
28.6052 28.8400 29.0758
29.3125 29.5501 29.7885
30.0279 30.2682 30.5094
30.7516 30.9947 31.2387
31.4837 31.7295 31.9763
32.2240 32.4726 32.7223
32.9730 33.2247 33.4774
33.7311 33.9858 34.2414
34.4980 34.7555 35.0141
35.2736 35.5340 35.7954
36.0579 36.3213 36.5856
36.8509 37.1171 37.3842
37.6524 37.9216 38.1918
38.4631 38.7355 39.0091
39.2839 39.5597 39.8367
40.1147 40.3939 40.6741
40.9554 41.2377 41.5212
41.8058 42.0915 42.3783
42.6663 42.9555 43.2459
43.5375 43.8303 44.1242
44.4192 44.7151 45.0121
45.3102 45.6092 45.9093
46.2104 46.5125 46.8157
47.1199 47.4251 47.7314
48.0388 48.3472 48.6566
48.9671 49.2785 49.5909
49.9043 50.2187 50.5340
50.8504 51.1677 51.4860
51.8053 52.1256 52.4470
52.7693 53.0927 53.4170
53.7423 54.0687 54.3960
54.7243 55.0537 55.3840
55.7154 56.0477 56.3811
56.7155 57.0509 57.3873
57.7247 58.0631 58.4025
58.7430 59.0845 59.4270
59.7705 60.1150 60.4604
60.8068 61.1541 61.5024
61.8517 62.2020 62.5532
62.9055 63.2588 63.6131
63.9684 64.3247 64.6820
65.0403 65.3997 65.7601
66.1215 66.4839 66.8475
67.2120 67.5776 67.9443
68.3119 68.6806 69.0503
69.4210 69.7927 70.1655
70.5393 70.9141 71.2899
71.6668 72.0447 72.4237
72.8037 73.1848 73.5669
73.9500 74.3342 74.7193
75.1054 75.4925 75.8807
76.2698 76.6599 77.0511
77.4433 77.8365 78.2307
78.6259 79.0221 79.4193
79.8174 80.2166 80.6167
81.0178 81.4198 81.8229
82.2268 82.6318 83.0378
83.4448 83.8527 84.2617
84.6718 85.0829 85.4950
85.9082 86.3224 86.7377
87.1540 87.5713 87.9896
88.4090 88.8295 89.2511
89.6737 90.0975 90.5223
90.9481 91.3750 91.8029
92.2319 92.6619 93.0929
93.5249 93.9578 94.3918
94.8267 95.2626 95.6995
96.1374 96.5764 97.0163
97.4573 97.8993 98.3422
98.7862 99.2312 99.6772
100.1241 100.5721 101.0210
101.4709 101.9218 102.3736
102.8265 103.2803 103.7352
104.1911 104.6479 105.1058
105.5647 106.0245 106.4852
106.9469 107.4096 107.8731
108.3377 108.8032 109.2697
109.7371 110.2054 110.6748
111.1451 111.6164 112.0886
112.5618 113.0360 113.5111
113.9872 114.4643 114.9424
115.4216 115.9017 116.3828
116.8650 117.3481 117.8322
118.3173 118.8033 119.2904
119.7784 120.2674 120.7574
121.2484 121.7404 122.2334
122.7273 123.2222 123.7181
124.2150 124.7129 125.2118
125.7117 126.2125 126.7144
127.2172 127.7211 128.2258
128.7316 129.2383 129.7460
130.2546 130.7642 131.2748
131.7863 132.2988 132.8123
133.3267 133.8421 134.3585
134.8758 135.3941 135.9133
136.4335 136.9546 137.4767
137.9998 138.5238 139.0487
139.5747 140.1016 140.6294
141.1583 141.6881 142.2189
142.7507 143.2834 143.8171
144.3517 144.8872 145.4236
145.9610 146.4992 147.0384
147.5784 148.1195 148.6616
149.2046 149.7487 150.2939
150.8400 151.3871 151.9352
152.4843 153.0342 153.5850
154.1368 154.6894 155.2428
155.7971 156.3522 156.9083
157.4653 158.0234 158.5825
159.1425 159.7036 160.2657
160.8288 161.3928 161.9579
162.5240 163.0910 163.6590
164.2280 164.7980 165.3690
165.9409 166.5136 167.0872
167.6616 168.2368 168.8128
169.3897 169.9675 170.5464
171.1262 171.7069 172.2888
172.8716 173.4554 174.0402
174.6260 175.2127 175.8005
176.3893 176.9791 177.5699
178.1617 178.7545 179.3483
179.9432 180.5391 181.1361
181.7340 182.3331 182.9331
183.5342 184.1363 184.7394
185.3435 185.9487 186.5548
187.1618 187.7699 188.3789
188.9889 189.6000 190.2121
190.8254 191.4396 192.0550
192.6714 193.2889 193.9074
194.5269 195.1475 195.7690
196.3916 197.0151 197.6396
198.2650 198.8915 199.5190
200.1475 200.7771 201.4077
202.0393 202.6720 203.3057
203.9404 204.5761 205.2129
205.8507 206.4896 207.1294
207.7703 208.4122 209.0551
209.6990 210.3439 210.9900
211.6370 212.2851 212.9342
213.5843 214.2354 214.8875
215.5407 216.1950 216.8502
217.5065 218.1638 218.8220
219.4813 220.1415 220.8028
221.4651 222.1284 222.7928
223.4582 224.1246 224.7921
225.4605 226.1300 226.8004
227.4717 228.1440 228.8172
229.4913 230.1664 230.8425
231.5196 232.1978 232.8770
233.5573 234.2386 234.9209
235.6042 236.2885 236.9738
237.6601 238.3473 239.0355
239.7247 240.4148 241.1059
241.7979 242.4909 243.1848
243.8797 244.5755 245.2722
245.9699 246.6686 247.3682
248.0689 248.7707 249.4735
250.1773 250.8822 251.5881
252.2949 253.0029 253.7118
254.4217 255.1326 255.8446
256.5575 257.2715 257.9865
258.7025 259.4194 260.1374
260.8563 261.5762 262.2971
263.0189 263.7417 264.4654
265.1901 265.9157 266.6422
267.3696 268.0980 268.8274
269.5577 270.2890 271.0213
271.7545 272.4888 273.2240
273.9602 274.6974 275.4356
276.1748 276.9149 277.6560
278.3982 279.1413 279.8854
280.6305 281.3767 282.1238
282.8719 283.6211 284.3713
285.1224 285.8746 286.6278
287.3821 288.1374 288.8937
289.6511 290.4095 291.1690
291.9295 292.6911 293.4538
294.2175 294.9822 295.7479
296.5146 297.2823 298.0511
298.8210 299.5919 300.3637
301.1366 301.9104 302.6853
303.4612 304.2381 305.0160
305.7949 306.5747 307.3556
308.1375 308.9205 309.7044
310.4894 311.2754 312.0625
312.8505 313.6395 314.4295
315.2205 316.0125 316.8055
317.5994 318.3944 319.1903
319.9871 320.7849 321.5837
322.3834 323.1842 323.9859
324.7886 325.5924 326.3972
327.2030 328.0097 328.8175
329.6262 330.4358 331.2464
332.0580 332.8706 333.6842
334.4987 335.3143 336.1308
336.9483 337.7668 338.5864
339.4069 340.2285 341.0511
341.8748 342.6995 343.5252
344.3520 345.1798 346.0087
346.8385 347.6695 348.5016
349.3347 350.1689 351.0040
351.8402 352.6774 353.5155
354.3545 355.1945 356.0354
356.8772 357.7199 358.5636
359.4083 360.2539 361.1005
361.9482 362.7968 363.6464
364.4970 365.3485 366.2010
367.0545 367.9090 368.7644
369.6208 370.4781 371.3365
372.1958 373.0562 373.9176
374.7800 375.6435 376.5080
377.3735 378.2400 379.1076
379.9761 380.8457 381.7162
382.5878 383.4603 384.3339
385.2085 386.0841 386.9609
387.8387 388.7177 389.5977
390.4789 391.3612 392.2445
393.1289 394.0144 394.9010
395.7887 396.6774 397.5671
398.4579 399.3496 400.2423
401.1360 402.0307 402.9264
403.8232 404.7209 405.6196
406.5192 407.4199 408.3216
409.2242 410.1278 411.0325
411.9382 412.8449 413.7526
414.6613 415.5711 416.4819
417.3938 418.3067 419.2206
420.1356 421.0516 421.9686
422.8866 423.8056 424.7256
425.6467 426.5687 427.4917
428.4157 429.3407 430.2667
431.1938 432.1219 433.0510
433.9811 434.9122 435.8444
436.7774 437.7114 438.6463
439.5821 440.5189 441.4565
442.3950 443.3344 444.2748
445.2161 446.1585 447.1019
448.0463 448.9917 449.9382
450.8857 451.8342 452.7836
453.7341 454.6855 455.6380
456.5915 457.5460 458.5014
459.4579 460.4154 461.3738
462.3332 463.2936 464.2549
465.2172 466.1806 467.1449
468.1103 469.0767 470.0441
471.0126 471.9820 472.9524
473.9237 474.8960 475.8693
476.8437 477.8190 478.7955
479.7729 480.7514 481.7309
482.7114 483.6929 484.6754
485.6588 486.6433 487.6288
488.6153 489.6028 490.5912
491.5806 492.5711 493.5624
494.5548 495.5480 496.5421
497.5372 498.5331 499.5299
500.5275 501.5261 502.5255
503.5259 504.5271 505.5293
506.5325 507.5366 508.5418
509.5479 510.5550 511.5631
512.5721 513.5822 514.5931
515.6050 516.6179 517.6316
518.6464 519.6620 520.6787
521.6963 522.7148 523.7343
524.7548 525.7763 526.7988
527.8222 528.8467 529.8723
530.8988 531.9265 532.9552
533.9850 535.0158 536.0477
537.0807 538.1147 539.1497
540.1857 541.2228 542.2608
543.2999 544.3399 545.3810
546.4230 547.4661 548.5102
549.5553 550.6014 551.6485
552.6966 553.7457 554.7958
555.8469 556.8989 557.9519
559.0059 560.0608 561.1167
562.1736 563.2315 564.2904
565.3503 566.4112 567.4731
568.5360 569.5999 570.6648
571.7307 572.7976 573.8655
574.9344 576.0044 577.0755
578.1475 579.2207 580.2949
581.3701 582.4463 583.5235
584.6017 585.6809 586.7610
587.8421 588.9241 590.0071
591.0912 592.1764 593.2626
594.3499 595.4381 596.5273
597.6174 598.7084 599.8000
600.8922 601.9850 603.0784
604.1724 605.2668 606.3617
607.4570 608.5526 609.6484
610.7444 611.8405 612.9367
614.0330 615.1293 616.2254
617.3213 618.4171 619.5126
620.6079 621.7030 622.7977
623.8921 624.9861 626.0795
627.1725 628.2650 629.3570
630.4485 631.5396 632.6302
633.7203 634.8099 635.8988
636.9872 638.0750 639.1622
640.2488 641.3348 642.4203
643.5054 644.5900 645.6742
646.7579 647.8411 648.9238
650.0062 651.0882 652.1700
653.2517 654.3334 655.4150
656.4966 657.5783 658.6602
659.7424 660.8251 661.9083
662.9921 664.0764 665.1613
666.2469 667.3330 668.4199
669.5078 670.5966 671.6863
672.7770 673.8686 674.9612
676.0547 677.1491 678.2445
679.3409 680.4384 681.5368
682.6363 683.7368 684.8385
685.9411 687.0447 688.1493
689.2549 690.3615 691.4691
692.5777 693.6872 694.7975
695.9086 697.0205 698.1331
699.2464 700.3605 701.4753
702.5909 703.7071 704.8239
705.9414 707.0593 708.1777
709.2966 710.4160 711.5358
712.6560 713.7765 714.8972
716.0181 717.1391 718.2602
719.3813 720.5025 721.6236
722.7445 723.8653 724.9858
726.1061 727.2261 728.3458
729.4651 730.5841 731.7027
732.8207 733.9383 735.0554
736.1719 737.2878 738.4032
739.5180 740.6321 741.7457
742.8586 743.9709 745.0827
746.1938 747.3043 748.4141
749.5233 750.6317 751.7395
752.8467 753.9532 755.0590
756.1642 757.2686 758.3725
759.4756 760.5780 761.6798
762.7810 763.8815 764.9814
766.0808 767.1799 768.2788
769.3776 770.4764 771.5751
772.6738 773.7726 774.8716
775.9707 777.0701 778.1697
779.2696 780.3697 781.4701
782.5709 783.6721 784.7739
785.8765 786.9797 788.0837
789.1884 790.2940 791.4003
792.5075 793.6155 794.7243
795.8339 796.9445 798.0560
799.1684 800.2819 801.3963
802.5116 803.6278 804.7450
805.8630 806.9818 808.1015
809.2219 810.3432 811.4652
812.5880 813.7116 814.8358
815.9606 817.0862 818.2123
819.3390 820.4663 821.5939
822.7221 823.8507 824.9798
826.1093 827.2391 828.3692
829.4995 830.6300 831.7606
832.8914 834.0223 835.1533
836.2844 837.4154 838.5464
839.6774 840.8084 841.9393
843.0701 844.2008 845.3315
846.4620 847.5923 848.7225
849.8525 850.9823 852.1119
853.2413 854.3705 855.4995
856.6284 857.7572 858.8859
860.0146 861.1433 862.2719
863.4005 864.5292 865.6579
866.7868 867.9160 869.0454
870.1753 871.3056 872.4366
873.5681 874.7004 875.8334
876.9672 878.1017 879.2370
880.3730 881.5098 882.6475
883.7863 884.9261 886.0670
887.2089 888.3518 889.4958
890.6407 891.7867 892.9337
894.0818 895.2310 896.3812
897.5324 898.6847 899.8381
900.9924 902.1477 903.3038
904.4607 905.6185 906.7772
907.9366 909.0970 910.2581
911.4200 912.5825 913.7456
914.9094 916.0737 917.2386
918.4039 919.5696 920.7358
921.9023 923.0693 924.2366
925.4042 926.5721 927.7402
928.9085 930.0768 931.2453
932.4138 933.5824 934.7510
935.9195 937.0880 938.2564
939.4247 940.5930 941.7612
942.9293 944.0974 945.2655
946.4334 947.6010 948.7684
949.9355 951.1023 952.2687
953.4348 954.6005 955.7658
956.9306 958.0950 959.2590
960.4227 961.5859 962.7488
963.9114 965.0737 966.2357
967.3975 968.5591 969.7206
970.8818 972.0430 973.2042
974.3654 975.5267 976.6880
977.8494 979.0110 980.1729
981.3350 982.4974 983.6602
984.8234 985.9870 987.1512
988.3159 989.4812 990.6471
991.8138 992.9812 994.1493
995.3184 996.4884 997.6593
998.8312 1000.0040 1001.1778
1002.3525 1003.5283 1004.7049
1005.8825 1007.0611 1008.2407
1009.4212 1010.6029 1011.7855
1012.9692 1014.1539 1015.3397
1016.5264 1017.7142 1018.9031
1020.0929 1021.2838 1022.4756
1023.6684 1024.8622 1026.0569
1027.2526 1028.4493 1029.6469
1030.8454 1032.0449 1033.2454
1034.4468 1035.6491 1036.8524
1038.0565 1039.2615 1040.4675
1041.6744 1042.8824 1044.0913
1045.3012 1046.5121 1047.7241
1048.9370 1050.1510 1051.3660
1052.5820 1053.7990 1055.0170
1056.2359 1057.4559 1058.6769
1059.8989 1061.1219 1062.3460
1063.5710 1064.7970 1066.0240
1067.2521 1068.4812 1069.7113
1070.9425 1072.1746 1073.4077
1074.6419 1075.8770 1077.1132
1078.3503 1079.5884 1080.8275
1082.0676 1083.3087 1084.5508
1085.7939 1087.0380 1088.2831
1089.5292 1090.7763 1092.0244
1093.2735 1094.5237 1095.7748
1097.0270 1098.2802 1099.5345
1100.7898 1102.0461 1103.3034
1104.5618 1105.8211 1107.0814
1108.3427 1109.6051 1110.8684
1112.1328 1113.3981 1114.6643
1115.9316 1117.1999 1118.4693
1119.7396 1121.0110 1122.2834
1123.5568 1124.8312 1126.1066
1127.3830 1128.6605 1129.9389
1131.2184 1132.4988 1133.7803
1135.0628 1136.3462 1137.6307
1138.9162 1140.2028 1141.4903
1142.7789 1144.0685 1145.3592
1146.6508 1147.9435 1149.2372
1150.5320 1151.8278 1153.1247
1154.4227 1155.7218 1157.0219
1158.3231 1159.6254 1160.9288
1162.2333 1163.5389 1164.8456
1166.1534 1167.4623 1168.7723
1170.0835 1171.3957 1172.7091
1174.0235 1175.3391 1176.6557
1177.9734 1179.2922 1180.6120
