-16.6364 -16.4545 -15.9091
-15.4545 -14.8182 -14.4545
-14.2727 -13.6364 -10.8182
-10.9091 -10.7273 -9.8182
-9.7273 -9.6364 -9.0909
-8.9091 -6.1818 -5.9091
-5.4545 -5.3636 -5.0909
-4.7273 -4.0909 -4.0909
-1.0909 -0.7273 -0.7273
-0.1818 0.1818 0.4545
0.4545 0.8182 2.8182
2.9091 2.6364 2.9091
2.9091 2.8182 3.0909
2.9091 2.8182 2.8182
2.6364 2.6364 2.2727
2.3636 2.1818 2.2727
1.8182 1.7273 2.1818
1.7273 1.2727 1.6364
1.5455 1.5455 1.0909
0.9091 0.8182 0.8182
1.0000 0.5455 0.7273
0.6364 0.1818 0.1818
-0.2727 -0.2727 0.0000
-0.0909 -0.2727 -0.4545
-1.4545 -1.8182 -2.0000
-1.9091 -2.1818 -2.8182
-2.5455 -3.0000 -5.4545
-5.2727 -5.6364 -6.0000
-6.0909 -6.4545 -7.0000
-7.0909 -10.0000 -10.1818
-11.1818 -11.5455 -11.9091
-12.5455 -12.6364 -13.0909
-16.7273 -17.8182 -18.0909
-18.1818 -18.7273 -19.2727
-19.5455 -19.9091 -23.6364
-23.7273 -24.1818 -24.7273
-25.0909 -25.1818 -25.6364
-26.0909 -29.7273 -30.2727
-30.5455 -30.8182 -31.1818
-31.8182 -32.0000 -32.4545
-35.7273 -36.6364 -36.6364
-37.1818 -37.5455 -38.0000
-38.2727 -38.5455 -41.8182
-42.1818 -42.6364 -42.8182
-43.4545 -43.5455 -43.8182
-44.0909 -46.8182 -46.8182
-47.2727 -47.3636 -48.0000
-48.1818 -48.4545 -48.7273
-51.0000 -50.7273 -51.0909
-51.4545 -51.9091 -51.7273
-52.2727 -52.5455 -54.0000
-54.1818 -54.5455 -54.6364
-54.5455 -54.8182 -55.0000
-55.1818 -55.8182 -55.7273
-55.7273 -56.0000 -55.9091
-56.0000 -56.0909 -56.4545
-56.5455 -56.0909 -56.3636
-56.4545 -56.2727 -56.3636
-56.0000 -56.4545 -55.9091
-55.9091 -56.2727 -56.0909
-56.1818 -56.0909 -56.0909
-56.0909 -56.0909 -56.0000
-55.9091 -56.0000 -56.1818
-56.0000 -56.0000 -56.1818
-56.0909 -55.9091 -55.6364
-55.9091 -56.0909 -55.6364
-56.0000 -55.8182 -56.0909
-55.6364 -55.8182 -55.9091
-55.8182 -56.0000 -55.7273
-55.8182 -55.8182 -55.6364
-55.6364 -55.6364 -55.5455
-55.4545 -55.5455 -55.1818
-55.1818 -55.2727 -55.0000
-54.8182 -54.8182 -54.8182
-54.6364 -54.8182 -53.8182
-53.7273 -53.4545 -53.2727
-53.1818 -53.0909 -53.0909
-52.8182 -51.4545 -51.0909
-50.7273 -50.2727 -50.4545
-50.0000 -50.0000 -49.5455
-47.2727 -46.8182 -46.4545
-46.0000 -46.0909 -45.6364
-45.2727 -45.1818 -41.8182
-41.4545 -41.3636 -41.0000
-40.5455 -40.5455 -39.8182
-39.8182 -36.7273 -35.8182
-36.0909 -35.7273 -35.0909
-35.0909 -34.3636 -33.7273
-30.8182 -30.6364 -30.3636
-29.4545 -29.2727 -28.7273
-28.1818 -27.7273 -24.0000
-23.8182 -23.1818 -22.8182
-22.7273 -22.1818 -22.0909
-21.6364 -19.3636 -19.0000
-18.5455 -18.7273 -18.5455
-18.4545 -17.9091 -17.9091
-16.5455 -16.5455 -16.1818
-16.2727 -16.4545 -16.3636
-16.2727 -16.1818 -16.5455
-16.7273 -16.5455 -16.6364
-16.8182 -16.7273 -16.7273
-17.2727 -17.0909 -16.7273
-17.2727 -17.0000 -17.1818
-17.1818 -17.0909 -17.0000
-18.0000 -18.2727 -17.9091
-18.0909 -18.2727 -18.0000
-18.0000 -18.1818 -18.9091
-18.8182 -19.0909 -18.9091
-19.1818 -19.0909 -19.1818
-19.1818 -19.6364 -19.8182
-19.6364 -19.6364 -19.7273
-19.5455 -19.7273 -19.5455
-20.1818 -19.9091 -20.2727
-19.9091 -19.8182 -20.0000
-20.2727 -20.0000 -20.5455
-20.5455 -20.6364 -20.8182
-20.7273 -20.7273 -20.7273
-20.9091 -20.8182 -21.0000
-20.7273 -20.4545 -20.6364
-20.8182 -21.0000 -20.5455
-20.8182 -20.7273 -20.8182
-20.6364 -20.8182 -20.7273
-20.5455 -20.6364 -20.8182
-20.8182 -20.8182 -20.9091
-20.6364 -20.9091 -20.6364
-20.9091 -21.1818 -21.0000
-21.0909 -21.2727 -21.0909
-21.1818 -21.0909 -21.3636
-21.6364 -21.6364 -21.9091
-21.5455 -21.8182 -21.9091
-21.9091 -22.0000 -22.0000
-22.3636 -22.2727 -22.2727
-22.3636 -22.3636 -22.6364
-22.6364 -22.7273 -22.9091
-22.8182 -23.0000 -22.9091
-23.0000 -23.0909 -22.9091
-23.0909 -22.9091 -23.3636
-23.0000 -22.9091 -22.9091
-23.1818 -23.1818 -23.3636
-23.0000 -23.3636 -23.2727
-23.3636 -23.3636 -23.4545
-23.5455 -24.0909 -24.4545
-24.7273 -24.1818 -25.0000
-25.0000 -24.7273 -25.1818
-26.0909 -26.0909 -26.3636
-26.3636 -26.5455 -26.8182
-26.7273 -26.7273 -27.7273
-27.8182 -27.5455 -27.9091
-27.6364 -28.1818 -28.5455
-28.4545 -29.2727 -29.1818
-29.1818 -29.3636 -29.0909
-29.4545 -29.3636 -29.2727
-29.9091 -30.1818 -29.9091
-30.0000 -30.2727 -30.0909
-30.1818 -30.1818 -30.7273
-30.6364 -30.6364 -30.4545
-30.5455 -30.7273 -30.7273
-30.8182 -30.7273 -30.6364
-30.8182 -30.8182 -30.6364
-30.6364 -30.6364 -30.6364
-30.4545 -30.7273 -30.1818
-30.4545 -30.3636 -30.5455
-30.6364 -30.6364 -30.4545
-30.5455 -30.4545 -30.0909
-30.1818 -30.3636 -30.5455
-30.3636 -30.2727 -30.2727
-30.3636 -30.1818 -30.2727
-30.1818 -30.2727 -30.3636
-30.1818 -30.2727 -30.1818
-30.1818 -30.0000 -30.0909
-30.0000 -30.1818 -30.1818
-29.8182 -30.1818 -30.2727
-30.0909 -30.2727 -30.2727
-30.2727 -30.3636 -30.2727
-30.3636 -30.3636 -30.4545
-30.5455 -30.6364 -30.4545
-30.9091 -30.8182 -30.9091
-31.1818 -30.9091 -31.0909
-31.1818 -31.1818 -32.3636
-32.5455 -32.5455 -32.5455
-32.6364 -32.8182 -32.8182
-32.8182 -33.4545 -33.2727
-33.0909 -33.0909 -33.0909
-33.1818 -33.0909 -33.2727
-34.0909 -34.0000 -34.4545
-34.3636 -34.5455 -34.2727
-34.1818 -34.1818 -33.9091
-34.0909 -33.9091 -34.0000
-33.5455 -33.5455 -33.6364
-33.3636 -32.8182 -32.8182
-32.9091 -32.8182 -33.0000
-32.6364 -32.5455 -32.5455
-31.8182 -31.6364 -31.3636
-31.3636 -30.7273 -30.6364
-30.5455 -29.8182 -27.9091
-27.5455 -27.2727 -26.6364
-26.6364 -26.0909 -25.8182
-25.8182 -23.3636 -23.0000
-22.7273 -22.8182 -22.4545
-22.6364 -21.9091 -22.0909
-20.0909 -20.1818 -20.0909
-20.1818 -19.9091 -19.7273
-19.3636 -19.2727 -18.0909
-18.1818 -18.0909 -17.7273
-17.5455 -17.3636 -17.4545
-17.2727 -15.8182 -15.8182
-15.9091 -15.7273 -15.6364
-15.6364 -15.3636 -15.3636
-15.1818 -15.1818 -15.0000
-14.7273 -14.9091 -15.1818
-14.7273 -14.8182 -14.3636
-14.0909 -13.9091 -14.1818
-13.9091 -14.0909 -14.1818
-14.0909 -14.1818 -14.0909
-14.2727 -14.0909 -14.0000
-14.0909 -14.1818 -14.3636
-14.7273 -14.6364 -14.6364
-14.8182 -14.9091 -14.7273
-15.0000 -15.0000 -16.0000
-16.0909 -16.1818 -16.4545
-16.6364 -16.4545 -16.7273
-16.8182 -18.3636 -18.2727
-18.8182 -18.8182 -19.0000
-19.0909 -19.3636 -19.5455
-21.7273 -22.0000 -22.2727
-22.2727 -22.7273 -22.6364
-22.9091 -23.2727 -24.8182
-24.9091 -25.0909 -25.4545
-25.7273 -25.7273 -26.1818
-26.2727 -28.5455 -29.1818
-29.2727 -29.0000 -29.6364
-29.2727 -29.9091 -29.7273
-32.0000 -31.7273 -32.2727
-32.3636 -32.6364 -32.7273
-32.7273 -32.7273 -33.1818
-33.4545 -33.5455 -33.8182
-34.0909 -33.7273 -33.9091
-34.1818 -34.8182 -34.9091
-35.0909 -35.0909 -35.1818
-35.1818 -35.2727 -35.6364
-36.4545 -36.2727 -36.4545
-36.5455 -36.4545 -36.4545
-36.6364 -36.5455 -36.4545
-36.7273 -37.0000 -36.6364
-36.9091 -36.8182 -36.8182
-36.8182 -36.5455 -36.4545
-36.3636 -36.2727 -36.5455
-36.4545 -36.4545 -36.3636
-36.0000 -35.5455 -35.6364
-35.8182 -35.5455 -35.4545
-35.3636 -35.4545 -34.9091
-34.9091 -34.6364 -34.9091
-34.4545 -34.9091 -34.7273
-34.4545 -34.1818 -33.9091
-34.0000 -34.0000 -34.0909
-34.0000 -34.0909 -34.2727
-34.0000 -34.1818 -34.0000
-34.2727 -33.9091 -34.0909
-34.0000 -34.2727 -34.0000
-34.0000 -33.9091 -33.9091
-34.0909 -34.0909 -34.0909
-34.0000 -34.1818 -34.2727
-34.1818 -34.0909 -34.4545
-34.0909 -34.3636 -34.3636
-34.1818 -34.5455 -34.2727
-34.6364 -34.4545 -34.7273
-34.5455 -34.7273 -34.0909
-34.0909 -34.4545 -34.0000
-34.1818 -34.0000 -34.2727
-34.1818 -33.6364 -33.5455
-33.1818 -33.4545 -33.1818
-33.1818 -33.0000 -33.0000
-32.0000 -31.9091 -32.0000
-31.6364 -31.6364 -31.3636
-31.3636 -31.4545 -30.0000
-30.1818 -30.2727 -29.7273
-29.7273 -29.3636 -29.4545
-29.2727 -28.4545 -28.2727
-28.3636 -28.1818 -28.0000
-28.0909 -27.9091 -27.9091
-27.1818 -27.0909 -27.0909
-26.8182 -26.9091 -26.8182
-26.7273 -26.1818 -24.5455
-24.1818 -24.1818 -23.7273
-23.7273 -23.8182 -23.2727
-23.1818 -20.5455 -20.0909
-20.1818 -20.0000 -19.3636
-19.3636 -19.2727 -18.6364
-17.0000 -16.6364 -16.5455
-16.2727 -15.8182 -15.8182
-15.4545 -15.3636 -13.9091
-13.7273 -13.5455 -13.4545
-13.0000 -12.8182 -12.5455
-12.4545 -11.4545 -11.1818
-11.1818 -11.0909 -10.8182
-10.9091 -10.8182 -10.6364
-11.0000 -11.0000 -10.9091
-11.3636 -10.9091 -11.4545
-11.2727 -11.4545 -11.8182
-12.1818 -11.9091 -12.0909
-12.1818 -12.2727 -12.3636
-12.4545 -12.7273 -12.8182
-12.3636 -12.3636 -13.0000
-12.9091 -13.0000 -12.8182
-13.4545 -13.3636 -13.4545
-13.6364 -13.4545 -13.9091
-14.0909 -14.2727 -15.7273
-15.7273 -15.8182 -16.2727
-16.6364 -16.6364 -16.6364
-17.0000 -18.4545 -19.0000
-18.6364 -19.0909 -19.4545
-19.5455 -19.7273 -20.2727
-22.5455 -22.4545 -22.5455
-22.7273 -23.0909 -23.3636
-23.4545 -23.7273 -24.7273
-24.9091 -25.0909 -25.2727
-25.2727 -25.6364 -25.6364
-25.6364 -27.2727 -27.2727
-27.6364 -27.8182 -27.9091
-28.0909 -28.2727 -28.2727
-29.2727 -29.3636 -29.6364
-29.8182 -30.0000 -30.0000
-30.0909 -30.4545 -31.4545
-31.6364 -31.7273 -31.9091
-31.9091 -32.0000 -32.1818
-32.0000 -33.2727 -33.0000
-33.2727 -33.2727 -33.3636
-33.4545 -33.6364 -33.5455
-34.1818 -34.6364 -34.4545
-34.3636 -34.7273 -34.8182
-35.0000 -35.0000 -35.8182
-35.8182 -35.8182 -35.9091
-35.9091 -36.0909 -36.0000
-36.2727 -36.5455 -36.3636
-36.4545 -36.2727 -36.3636
-36.0000 -36.2727 -36.0909
-35.8182 -36.0000 -35.7273
-35.9091 -35.8182 -35.9091
-35.7273 -35.6364 -35.4545
-35.5455 -35.4545 -35.4545
-35.4545 -35.3636 -35.2727
-35.0909 -34.9091 -34.7273
-34.9091 -35.0000 -34.4545
-34.5455 -34.5455 -34.4545
-34.1818 -33.8182 -33.8182
-33.6364 -33.6364 -33.9091
-34.0000 -33.9091 -34.0909
-34.2727 -34.1818 -34.1818
-34.0000 -34.1818 -34.0000
-34.1818 -34.0000 -33.8182
-34.0000 -34.0000 -34.0000
-34.0000 -34.0000 -34.0000
-34.1818 -33.9091 -34.1818
-34.0000 -34.0909 -33.9091
-34.0909 -34.0909 -33.9091
-34.0909 -33.8182 -33.9091
-34.0000 -34.0000 -34.0909
-34.0000 -34.1818 -34.1818
-34.3636 -34.3636 -34.3636
-34.3636 -34.4545 -34.3636
-34.8182 -34.6364 -34.9091
-34.8182 -34.8182 -34.7273
-35.0000 -34.8182 -34.9091
-35.0909 -34.8182 -34.7273
-35.1818 -35.0000 -34.8182
-34.9091 -35.4545 -35.3636
-35.6364 -35.7273 -35.4545
-35.7273 -35.7273 -35.6364
-34.7273 -34.6364 -34.4545
-34.3636 -34.7273 -34.4545
-34.2727 -34.2727 -33.4545
-33.1818 -33.1818 -33.3636
-33.1818 -33.1818 -33.0909
-32.8182 -32.0909 -32.0909
-32.0000 -31.8182 -31.8182
-31.8182 -32.0000 -31.7273
-31.3636 -31.1818 -31.0000
-31.0000 -31.2727 -30.8182
-30.9091 -31.0909 -30.9091
-30.9091 -31.0000 -31.1818
-31.0000 -31.1818 -31.4545
-31.1818 -32.2727 -32.2727
-32.0909 -32.4545 -32.3636
-32.6364 -32.3636 -32.6364
-33.0000 -32.8182 -32.7273
-32.9091 -33.0909 -33.0000
-32.7273 -33.0000 -32.4545
-32.0909 -32.1818 -31.7273
-31.6364 -31.7273 -31.7273
-31.5455 -30.1818 -29.7273
-30.0000 -29.9091 -29.8182
-29.6364 -29.3636 -29.3636
-29.0000 -28.9091 -29.0000
-28.9091 -28.9091 -28.7273
-28.9091 -29.0000 -29.0909
-28.9091 -29.0909 -29.0000
-28.9091 -29.0909 -28.7273
-28.6364 -28.9091 -28.7273
-28.9091 -28.9091 -29.0000
-29.0000 -28.6364 -29.0909
-29.0909 -28.7273 -29.1818
-28.7273 -29.0909 -28.9091
-29.0000 -29.1818 -29.0000
-28.8182 -28.9091 -28.8182
-28.8182 -29.0000 -28.9091
-28.8182 -28.9091 -29.0909
-28.8182 -28.4545 -28.7273
-28.9091 -29.0909 -29.0909
-29.2727 -29.3636 -29.1818
-29.5455 -29.1818 -29.2727
-29.4545 -29.2727 -29.3636
-29.3636 -29.4545 -29.3636
-29.2727 -29.2727 -29.1818
-29.3636 -29.4545 -29.3636
-29.6364 -29.6364 -29.6364
-29.7273 -30.0909 -30.0909
-31.0000 -30.9091 -31.1818
-31.0909 -31.0909 -31.0909
-31.1818 -31.1818 -31.3636
-31.3636 -31.5455 -31.3636
-31.7273 -31.7273 -32.0000
-31.6364 -32.4545 -32.6364
-32.5455 -32.5455 -32.5455
-32.7273 -32.4545 -32.6364
-32.6364 -32.7273 -32.9091
-32.7273 -32.8182 -32.7273
-32.7273 -32.6364 -32.3636
-32.4545 -32.3636 -32.2727
-32.3636 -32.1818 -32.0909
-32.1818 -31.4545 -30.9091
-31.3636 -31.4545 -31.5455
-31.0909 -31.1818 -31.3636
-30.6364 -30.6364 -30.4545
-30.3636 -30.3636 -30.5455
-30.5455 -30.3636 -29.8182
-30.0909 -29.5455 -29.6364
-29.7273 -29.8182 -29.7273
-29.6364 -29.2727 -29.3636
-29.3636 -29.1818 -29.1818
-29.1818 -28.9091 -29.2727
-29.5455 -29.3636 -29.3636
-29.6364 -29.4545 -29.3636
-29.2727 -29.2727 -29.4545
-29.3636 -29.1818 -29.2727
-29.4545 -29.2727 -29.4545
-29.3636 -30.1818 -30.2727
-30.5455 -30.6364 -30.5455
-30.7273 -30.9091 -30.9091
-31.7273 -31.9091 -32.0909
-32.0000 -32.1818 -32.0909
-32.1818 -32.1818 -31.6364
-31.5455 -31.4545 -31.5455
-31.2727 -31.5455 -31.5455
-31.4545 -30.7273 -30.5455
-30.7273 -30.2727 -30.3636
-30.1818 -30.4545 -30.2727
-30.0000 -30.1818 -30.0000
-30.3636 -30.1818 -29.9091
-30.1818 -30.3636 -30.4545
-30.3636 -30.4545 -30.5455
-30.7273 -30.8182 -30.9091
-30.8182 -31.3636 -31.1818
-31.2727 -31.0909 -30.9091
-31.3636 -31.4545 -31.6364
-31.5455 -31.4545 -31.3636
-31.0909 -31.3636 -30.9091
-31.0000 -31.1818 -30.0909
-30.0000 -29.7273 -29.8182
-30.0000 -29.9091 -29.8182
-29.8182 -29.7273 -29.5455
-29.9091 -29.6364 -29.6364
-29.5455 -29.7273 -29.6364
-29.4545 -29.2727 -29.3636
-29.4545 -29.6364 -29.2727
-29.2727 -29.6364 -29.6364
-29.4545 -29.5455 -29.4545
-29.8182 -30.0000 -29.9091
-29.9091 -30.9091 -30.7273
-30.9091 -31.0000 -31.0000
-31.0909 -31.2727 -31.3636
-31.1818 -31.2727 -31.5455
-31.1818 -31.3636 -31.4545
-31.7273 -31.2727 -31.4545
-31.2727 -31.5455 -31.6364
-31.1818 -31.5455 -31.3636
-31.4545 -31.9091 -31.9091
-32.0000 -31.9091 -32.2727
-32.4545 -32.0909 -32.0909
-32.5455 -32.5455 -32.6364
-32.7273 -33.0000 -33.0000
-32.9091 -32.9091 -33.6364
-33.6364 -33.5455 -33.8182
-33.7273 -33.3636 -33.8182
-33.6364 -34.0000 -33.7273
-33.4545 -33.9091 -33.4545
-33.4545 -33.6364 -33.4545
-33.2727 -33.1818 -33.2727
-33.0000 -33.0000 -32.9091
-33.0909 -33.0909 -32.9091
-33.1818 -33.0000 -33.1818
-33.5455 -33.2727 -33.2727
-33.1818 -33.4545 -33.5455
-33.4545 -33.7273 -33.3636
-33.2727 -33.3636 -33.3636
-33.1818 -33.3636 -33.1818
-33.5455 -33.2727 -33.2727
-33.4545 -33.3636 -33.5455
-33.3636 -33.7273 -33.5455
-33.8182 -33.5455 -33.2727
-33.6364 -33.8182 -33.6364
-33.6364 -33.9091 -33.6364
-33.5455 -33.3636 -33.6364
-33.8182 -33.8182 -33.8182
-33.8182 -33.8182 -34.0000
-34.0000 -33.9091 -33.9091
-34.0000 -33.8182 -34.0000
-33.9091 -34.0000 -33.9091
-34.0909 -33.8182 -34.0000
-34.0000 -33.6364 -34.0000
-34.0909 -33.8182 -34.0909
-34.0909 -33.8182 -34.2727
-34.0000 -33.9091 -34.0909
-34.1818 -34.1818 -34.0909
-34.0909 -34.0000 -34.0000
-33.9091 -34.0909 -34.4545
-34.1818 -34.3636 -34.7273
-34.6364 -34.4545 -35.0000
-34.9091 -34.9091 -35.0909
-36.0909 -36.3636 -36.6364
-36.8182 -36.9091 -37.0909
-37.3636 -37.4545 -39.0909
-39.5455 -39.7273 -39.5455
-39.9091 -40.3636 -40.7273
-41.0000 9.0000 8.8182
8.7273 8.3636 8.6364
8.5455 8.2727 8.0000
6.8182 6.7273 6.4545
6.2727 6.3636 6.6364
6.4545 6.3636 5.6364
5.6364 5.2727 5.3636
5.3636 5.4545 5.1818
5.0909 4.4545 4.4545
4.0909 4.0000 4.2727
3.8182 4.0000 3.9091
3.4545 3.4545 3.0000
3.0909 3.1818 3.0000
3.2727 3.0909 2.4545
2.3636 2.4545 2.0909
2.0909 2.1818 2.2727
2.1818 2.3636 2.3636
2.3636 2.6364 2.2727
2.4545 2.3636 2.3636
2.6364 2.0909 2.3636
2.4545 2.4545 2.7273
2.7273 2.9091 2.7273
2.8182 2.8182 2.8182
2.9091 3.0000 2.7273
2.6364 3.4545 3.2727
3.1818 3.3636 3.5455
3.3636 3.4545 3.3636
4.2727 4.4545 4.5455
4.7273 4.6364 5.0000
4.9091 5.0000 5.2727
5.1818 5.2727 5.3636
4.7273 5.3636 5.3636
5.2727 5.9091 6.2727
6.0000 6.0000 5.9091
6.0000 6.1818 6.1818
6.9091 7.4545 7.5455
7.6364 7.7273 7.6364
7.9091 7.9091 8.5455
8.3636 8.5455 8.2727
8.3636 8.5455 8.7273
8.4545 10.0000 10.0909
10.1818 10.5455 10.6364
10.7273 11.0909 10.6364
11.1818 11.2727 11.6364
11.4545 11.7273 12.0909
12.2727 12.0909 13.8182
13.9091 14.0909 14.1818
14.5455 14.4545 14.5455
14.3636 13.4545 13.5455
13.6364 13.2727 13.3636
13.3636 12.9091 12.8182
12.3636 12.0000 12.0909
12.1818 12.1818 12.0909
12.0000 12.0000 12.0000
12.0909 12.0000 11.8182
11.9091 12.0909 11.8182
12.2727 11.8182 12.0909
12.0000 11.7273 12.0000
11.9091 11.8182 12.0000
12.0909 12.0909 12.0909
12.4545 12.3636 12.2727
12.1818 12.0000 12.0909
12.1818 12.1818 12.3636
12.2727 12.0000 12.1818
12.0909 12.3636 12.1818
12.0909 12.2727 12.1818
12.3636 12.2727 12.2727
12.6364 12.5455 12.1818
12.1818 12.3636 12.4545
12.4545 12.6364 12.5455
12.1818 12.5455 12.1818
12.3636 12.2727 12.4545
12.2727 11.9091 12.3636
12.1818 12.0909 12.1818
12.5455 12.2727 12.0909
12.7273 12.5455 12.6364
12.5455 12.5455 12.9091
12.5455 13.0000 13.0909
13.1818 13.0909 13.0909
13.0909 13.3636 13.1818
13.2727 14.2727 14.1818
14.6364 14.8182 14.8182
15.0909 15.0000 15.2727
16.3636 15.9091 16.1818
16.4545 16.2727 16.3636
16.3636 16.4545 16.5455
16.5455 16.5455 16.5455
16.5455 16.4545 16.5455
16.9091 17.1818 17.0909
17.0909 17.0000 16.9091
16.9091 16.5455 16.3636
17.0909 16.8182 16.6364
16.7273 16.6364 16.6364
16.6364 16.6364 15.6364
15.7273 15.5455 15.4545
15.1818 15.0909 14.8182
14.7273 14.0909 13.3636
13.7273 13.6364 13.6364
13.7273 13.4545 13.5455
12.9091 13.0000 13.1818
13.0000 13.1818 12.9091
13.0000 13.0909 13.0000
13.2727 13.3636 13.4545
13.5455 13.2727 13.4545
13.4545 13.9091 13.9091
13.8182 13.7273 13.5455
13.9091 13.9091 14.0000
14.0000 14.1818 13.8182
14.0000 14.2727 13.8182
13.8182 13.9091 13.7273
14.0000 13.7273 13.8182
14.1818 14.0909 14.0000
14.0000 14.0000 13.9091
14.4545 14.0000 14.1818
14.0000 13.9091 14.0000
13.8182 14.3636 14.0000
14.0909 13.9091 13.9091
13.6364 13.8182 13.6364
14.1818 14.0909 14.0909
14.0000 14.2727 14.0000
14.0909 14.2727 14.2727
13.9091 14.3636 14.0909
14.0909 13.9091 14.2727
14.2727 14.3636 14.3636
14.5455 14.4545 14.4545
14.5455 14.5455 14.6364
14.5455 14.5455 14.6364
14.7273 14.8182 14.3636
14.5455 14.6364 14.6364
14.7273 14.5455 14.5455
14.8182 14.5455 14.6364
14.7273 14.8182 15.0000
14.9091 14.9091 14.9091
14.6364 14.6364 14.1818
14.1818 14.4545 14.3636
14.0909 14.0000 14.3636
14.3636 14.0909 14.0000
14.0909 14.0909 14.2727
14.2727 14.3636 14.3636
14.2727 14.3636 14.4545
14.4545 14.3636 14.3636
14.7273 14.4545 13.2727
13.1818 13.0000 13.1818
12.7273 12.7273 12.2727
12.1818 11.3636 11.6364
11.5455 11.2727 11.2727
11.0909 10.7273 10.4545
8.7273 8.6364 8.2727
8.0909 8.0000 7.4545
7.2727 7.1818 6.0909
5.6364 5.7273 5.3636
5.4545 5.3636 5.4545
5.0000 3.3636 3.0000
3.0000 2.8182 2.9091
2.6364 2.3636 2.4545
1.3636 1.1818 1.0000
0.8182 0.8182 0.5455
0.7273 0.5455 -1.0000
-0.7273 -1.0000 -0.8182
-0.7273 -0.9091 -1.2727
-1.3636 -2.0909 -2.0909
-2.6364 -2.1818 -2.2727
-2.9091 -2.8182 -3.0000
-4.0000 -4.0000 -4.0909
-4.0909 -4.3636 -4.5455
-4.3636 -4.3636 -5.3636
-5.5455 -5.5455 -5.7273
-5.6364 -5.5455 -6.0000
-5.9091 -6.4545 -6.7273
-6.8182 -6.5455 -6.7273
-6.6364 -6.6364 -6.7273
-6.7273 -6.6364 -6.9091
-6.7273 -6.8182 -6.8182
-6.5455 -6.8182 -6.8182
-6.6364 -7.1818 -6.9091
-7.0000 -7.0000 -6.7273
-7.0000 -6.6364 -6.7273
-6.5455 -6.6364 -6.7273
-6.1818 -6.3636 -6.2727
-5.3636 -5.4545 -5.0000
-4.7273 -4.6364 -4.5455
-4.0909 -4.0000 -1.2727
-1.0909 -1.0909 -0.7273
-0.7273 -0.7273 -0.5455
-0.2727 0.6364 0.7273
1.5455 1.2727 1.7273
2.2727 2.2727 2.7273
6.4545 7.0000 7.2727
7.8182 8.0909 8.6364
9.0909 9.7273 13.4545
13.7273 13.7273 14.1818
14.4545 15.1818 15.5455
15.9091 18.7273 19.2727
19.3636 20.0000 20.2727
20.4545 21.0000 21.3636
24.3636 24.4545 25.0000
25.0909 25.3636 25.5455
26.0000 26.1818 28.3636
28.4545 28.3636 28.6364
28.6364 28.7273 29.0909
29.0909 29.8182 29.9091
29.8182 30.0909 29.9091
29.9091 29.9091 30.0909
29.4545 29.5455 29.0000
29.2727 29.1818 29.1818
29.1818 29.2727 29.9091
29.9091 29.9091 29.9091
29.9091 30.0000 30.0909
30.0909 30.0909 30.0909
30.4545 30.3636 30.4545
30.0909 30.0909 30.1818
30.3636 30.2727 30.2727
30.2727 30.4545 30.4545
30.5455 30.5455 30.4545
30.1818 30.1818 30.0909
30.1818 30.0909 30.3636
30.4545 29.8182 30.0000
30.0000 30.0909 30.1818
30.0909 30.0909 30.0000
29.6364 29.8182 29.3636
29.5455 29.5455 29.6364
29.4545 29.2727 29.2727
29.0909 29.4545 29.3636
29.2727 29.2727 29.0909
29.0000 28.2727 28.3636
28.5455 28.3636 28.5455
28.1818 28.4545 28.3636
28.0000 28.0000 28.0000
27.5455 27.7273 27.3636
27.6364 27.3636 25.7273
25.5455 25.4545 25.2727
24.8182 25.0000 24.1818
24.1818 22.4545 22.3636
21.7273 21.2727 21.4545
21.2727 20.9091 20.7273
18.5455 17.9091 17.1818
17.0909 16.8182 16.5455
16.0909 16.3636 14.1818
13.5455 13.4545 13.1818
13.0000 12.8182 12.4545
12.2727 9.8182 9.9091
9.4545 9.3636 9.1818
9.0000 8.7273 8.5455
6.6364 6.4545 6.1818
5.9091 6.0909 6.1818
6.1818 6.1818 5.1818
5.3636 5.4545 5.0909
5.1818 4.8182 4.8182
4.4545 3.7273 3.5455
3.6364 3.2727 3.2727
3.1818 3.2727 3.2727
3.2727 3.2727 3.1818
3.1818 3.0909 3.0909
2.9091 2.9091 2.8182
2.5455 2.9091 2.6364
2.2727 2.5455 2.3636
2.7273 2.5455 2.5455
2.5455 2.8182 2.5455
2.6364 2.4545 2.5455
2.3636 1.9091 2.4545
2.2727 2.2727 2.0909
2.3636 2.2727 3.0909
3.1818 3.0909 3.0000
3.0000 3.0909 3.4545
3.1818 4.0909 4.1818
3.9091 4.0909 4.5455
4.4545 4.7273 4.7273
6.0000 6.2727 6.9091
6.9091 7.4545 7.7273
8.0909 8.5455 11.0000
11.1818 11.3636 11.8182
12.0000 12.3636 12.5455
12.9091 14.4545 14.6364
15.2727 15.4545 15.7273
16.0000 16.1818 17.0000
19.1818 19.1818 19.4545
19.4545 19.8182 19.8182
20.0000 20.1818 21.0000
21.1818 21.2727 21.5455
21.6364 21.7273 21.6364
22.0000 22.7273 23.0909
23.4545 23.2727 23.9091
23.9091 23.8182 24.3636
25.9091 25.9091 25.9091
25.9091 26.5455 26.6364
26.8182 26.6364 26.5455
26.3636 26.3636 26.3636
26.6364 26.1818 26.5455
26.5455 26.2727 25.9091
25.9091 26.0000 26.0909
25.7273 26.0000 25.6364
26.1818 25.7273 25.9091
25.9091 25.9091 25.9091
25.6364 25.7273 25.5455
25.4545 25.7273 25.4545
25.1818 25.5455 25.6364
25.7273 26.0909 26.2727
25.9091 26.0909 26.0000
25.9091 26.0909 25.8182
25.9091 26.0000 25.8182
25.8182 25.6364 26.0909
26.0000 25.7273 26.0909
26.1818 25.9091 25.9091
25.9091 26.0000 25.9091
26.0000 26.1818 26.0909
26.1818 26.0909 26.1818
26.0000 26.3636 26.0909
26.4545 26.4545 26.4545
26.3636 26.1818 26.4545
26.4545 26.5455 26.1818
26.1818 26.1818 26.2727
26.0000 25.7273 26.0909
26.0909 25.7273 25.5455
25.3636 25.5455 25.6364
25.3636 25.5455 25.5455
24.8182 24.9091 24.2727
24.2727 23.8182 24.0909
23.7273 23.5455 21.9091
21.7273 21.4545 21.1818
20.8182 20.7273 20.0909
20.2727 17.9091 17.9091
18.0000 17.7273 17.5455
17.5455 17.2727 17.2727
16.0909 15.9091 15.6364
15.3636 15.3636 15.0909
15.0000 14.8182 13.6364
13.4545 13.0000 12.9091
12.8182 12.5455 12.3636
12.2727 11.1818 10.9091
10.9091 10.5455 10.1818
10.5455 10.0909 10.1818
8.5455 8.2727 8.0909
7.9091 7.7273 7.4545
7.2727 7.0000 6.0909
6.0000 5.7273 6.0909
5.9091 5.6364 5.8182
6.2727 6.6364 6.7273
6.9091 6.8182 7.2727
7.1818 7.4545 7.0909
8.5455 8.3636 8.6364
9.0000 8.7273 9.0000
9.1818 9.0000 10.1818
10.2727 10.2727 10.5455
10.6364 10.9091 11.0000
11.1818 11.9091 11.5455
11.5455 11.6364 11.6364
11.6364 12.0909 11.8182
11.7273 11.6364 12.0000
11.6364 11.9091 11.7273
11.7273 11.9091 12.0000
11.8182 11.9091 12.0909
11.9091 12.0000 11.7273
12.1818 12.1818 11.7273
11.9091 12.0000 12.0909
12.0000 12.2727 12.0909
12.2727 12.4545 12.3636
12.7273 13.0000 13.3636
13.4545 13.8182 16.6364
16.7273 17.0909 16.9091
17.0909 17.2727 17.5455
17.8182 20.6364 21.0909
21.0909 21.7273 21.4545
21.8182 21.9091 22.5455
25.6364 26.1818 26.5455
27.0909 27.8182 28.0000
28.7273 29.1818 33.3636
34.3636 34.6364 35.1818
35.7273 36.3636 36.8182
37.4545 42.2727 42.8182
43.2727 43.8182 44.0909
44.5455 45.4545 45.3636
48.4545 48.8182 49.0000
49.3636 49.5455 50.0000
50.1818 50.5455 52.0909
52.1818 52.1818 52.0000
52.1818 52.3636 52.2727
52.4545 53.3636 53.1818
53.1818 53.2727 53.2727
53.5455 53.3636 53.5455
52.8182 52.4545 52.0909
51.7273 51.8182 51.5455
51.1818 50.9091 47.9091
47.5455 47.2727 45.8182
45.3636 44.7273 44.2727
43.9091 38.6364 38.0909
37.4545 36.9091 36.3636
35.9091 35.2727 34.7273
26.5455 26.1818 25.4545
24.4545 23.8182 23.6364
23.1818 22.9091 17.8182
17.1818 16.5455 15.9091
14.6364 14.2727 13.2727
12.8182 7.8182 7.2727
6.7273 6.0909 5.3636
4.8182 4.8182 4.0000
-0.8182 -1.2727 -1.6364
-2.2727 -2.6364 -3.1818
-4.0000 -4.0909 -8.4545
-8.7273 -9.2727 -9.7273
-10.4545 -11.0000 -11.6364
-11.9091 -16.5455 -17.1818
-17.4545 -18.0000 -18.8182
-19.3636 -19.7273 -20.0909
-23.4545 -24.0000 -24.4545
-24.6364 -25.4545 -25.8182
-26.0909 -26.6364 -28.8182
-29.1818 -29.4545 -29.4545
-29.9091 -30.3636 -30.3636
-30.4545 -31.4545 -31.3636
-31.5455 -31.6364 -31.8182
-31.8182 -31.7273 -31.9091
-32.4545 -32.1818 -32.0000
-32.0909 -32.0000 -31.8182
-32.0000 -32.0000 -31.3636
-31.2727 -31.0909 -30.8182
-30.8182 -30.2727 -29.8182
-29.4545 -23.7273 -22.7273
-22.4545 -21.9091 -21.1818
-20.6364 -20.4545 -19.6364
-15.4545 -14.7273 -14.3636
-13.2727 -12.8182 -11.9091
-11.5455 -10.4545 -3.9091
-3.1818 -2.1818 -1.7273
-1.5455 -0.5455 0.2727
0.8182 6.6364 7.4545
8.5455 10.1818 11.0000
11.7273 12.4545 13.2727
20.5455 21.0909 22.1818
23.0909 23.8182 24.8182
25.2727 26.1818 31.5455
32.1818 32.6364 33.1818
33.7273 34.0909 34.6364
35.0909 39.1818 39.4545
40.0909 40.2727 40.8182
40.8182 41.5455 41.8182
44.6364 45.0000 45.0909
45.2727 45.6364 46.0000
46.2727 46.7273 48.5455
48.7273 48.6364 48.9091
49.1818 49.1818 49.0000
49.2727 49.7273 49.9091
49.9091 49.7273 49.9091
50.0909 49.9091 50.0000
48.5455 48.8182 48.3636
48.2727 48.1818 47.8182
47.0909 47.2727 43.0909
42.7273 42.0000 41.4545
40.5455 39.0909 38.3636
37.5455 30.0909 29.5455
28.9091 28.1818 27.2727
26.7273 26.0000 25.2727
18.0909 17.5455 17.0000
16.6364 16.1818 15.7273
15.3636 14.6364 10.0909
9.5455 9.3636 8.8182
8.7273 8.2727 8.0909
7.4545 2.1818 2.0000
1.4545 1.0909 0.5455
-0.0000 -0.3636 -0.7273
-5.0000 -5.4545 -5.7273
-6.2727 -6.6364 -7.1818
-7.5455 -8.0000 -11.3636
-11.9091 -12.1818 -13.0909
-13.4545 -13.7273 -14.2727
-14.1818 -16.2727 -16.7273
-17.0000 -17.2727 -18.0000
-18.3636 -18.6364 -18.9091
-21.9091 -22.2727 -22.1818
-22.7273 -22.7273 -22.8182
-22.9091 -23.3636 -24.7273
-25.1818 -25.0909 -25.0909
-25.4545 -25.5455 -25.9091
-26.0909 -25.7273 -25.4545
-25.4545 -25.6364 -25.1818
-24.9091 -25.0000 -24.7273
-22.9091 -22.6364 -21.9091
-21.7273 -21.2727 -20.8182
-20.4545 -19.9091 -15.1818
-14.7273 -14.2727 -13.3636
-13.0000 -12.4545 -12.0909
-11.0000 -6.3636 -5.3636
-5.0000 -4.3636 -3.6364
-2.8182 -2.0000 -1.3636
3.8182 4.0000 4.5455
5.2727 5.8182 6.2727
6.6364 7.0909 10.8182
11.0909 11.4545 11.6364
12.0000 12.0909 12.2727
13.0909 15.0000 15.5455
15.5455 15.9091 16.0909
16.6364 16.9091 17.1818
20.1818 20.3636 20.3636
20.7273 20.8182 21.0909
21.2727 21.1818 22.2727
22.0909 22.1818 22.3636
22.2727 22.3636 22.0909
22.2727 22.0909 22.0000
22.0909 21.7273 21.9091
21.5455 21.4545 21.6364
20.4545 20.5455 20.5455
20.3636 20.1818 20.0909
20.0000 19.8182 19.1818
19.1818 19.3636 19.2727
19.1818 19.0909 19.1818
19.3636 19.1818 19.2727
19.0909 19.0000 18.8182
19.1818 19.0909 18.9091
18.5455 18.3636 18.6364
18.4545 18.6364 18.5455
18.3636 18.7273 18.5455
18.3636 18.2727 18.3636
18.3636 18.5455 18.2727
18.2727 18.0000 17.8182
18.0000 18.0909 18.0000
17.8182 18.0909 17.7273
17.7273 17.5455 17.7273
17.7273 17.8182 17.5455
17.9091 17.7273 17.9091
17.5455 17.8182 17.7273
17.4545 17.9091 17.6364
17.5455 18.0000 17.4545
17.7273 17.4545 17.4545
17.6364 17.4545 17.5455
17.6364 17.6364 17.5455
17.5455 17.7273 17.5455
17.4545 17.6364 17.3636
17.3636 17.0909 17.2727
17.0000 17.0909 16.9091
16.5455 16.1818 16.0000
15.9091 15.8182 15.7273
15.8182 15.4545 15.3636
14.7273 14.8182 15.0909
14.9091 14.7273 14.5455
14.3636 14.4545 76.8182
77.0909 77.0909 77.2727
77.5455 77.5455 77.5455
77.8182 78.3636 78.2727
78.2727 78.3636 78.2727
78.3636 78.6364 78.5455
78.7273 78.7273 78.6364
78.6364 78.5455 79.0000
78.7273 78.8182 78.8182
79.0000 78.8182 79.0000
78.6364 78.7273 78.6364
78.8182 78.6364 78.5455
78.9091 78.5455 78.7273
78.8182 78.8182 78.7273
78.7273 78.6364 78.6364
78.5455 78.3636 78.5455
78.4545 78.8182 78.6364
78.8182 78.8182 78.6364
78.6364 78.9091 78.9091
78.7273 78.8182 78.9091
78.8182 78.7273 78.7273
78.6364 78.7273 78.8182
79.0000 78.9091 78.5455
78.7273 78.7273 78.8182
78.7273 79.0000 78.6364
78.7273 78.6364 78.9091
78.6364 78.8182 78.6364
78.8182 78.4545 78.5455
78.6364 78.5455 78.9091
78.6364 78.3636 78.4545
78.3636 77.8182 78.0000
77.9091 77.7273 77.7273
77.5455 77.8182 76.6364
76.6364 76.4545 76.4545
76.3636 76.0909 76.2727
75.7273 74.8182 74.4545
74.3636 74.3636 74.2727
73.9091 74.0000 74.0000
72.2727 71.9091 71.6364
71.6364 71.2727 71.0000
71.0909 70.7273 68.2727
68.0000 67.9091 67.8182
67.1818 66.8182 67.0000
66.4545 63.8182 63.9091
63.3636 62.8182 62.7273
62.5455 62.0000 61.6364
58.6364 58.6364 58.1818
57.6364 57.3636 57.1818
56.9091 56.4545 53.6364
53.0000 53.0000 52.5455
52.0909 52.1818 51.2727
51.0000 47.8182 47.3636
47.3636 46.9091 46.6364
46.4545 46.3636 46.1818
44.1818 43.9091 43.7273
43.4545 43.5455 43.5455
43.5455 43.1818 42.7273
42.6364 42.8182 42.7273
42.8182 42.6364 42.5455
42.6364 43.0909 43.2727
43.2727 43.1818 43.1818
43.2727 43.3636 43.1818
43.2727 43.5455 43.5455
43.3636 43.6364 43.6364
43.7273 43.8182 43.7273
43.7273 43.6364 43.8182
44.0000 43.9091 43.8182
43.8182 43.9091 43.9091
44.1818 44.1818 44.0000
44.0000 44.2727 44.0000
44.2727 44.5455 44.6364
44.4545 44.6364 44.8182
44.6364 44.8182 46.0000
45.9091 46.0000 46.2727
46.6364 46.6364 46.5455
46.7273 48.7273 49.1818
49.0000 49.4545 49.8182
50.0000 50.3636 50.4545
52.5455 53.3636 53.6364
54.1818 54.4545 54.5455
54.9091 55.2727 58.1818
58.6364 58.9091 59.2727
59.6364 60.1818 60.3636
60.3636 63.2727 63.6364
63.9091 64.1818 64.4545
64.8182 65.0000 65.1818
67.3636 67.6364 67.6364
68.1818 68.2727 68.4545
68.8182 69.1818 70.9091
71.0909 71.4545 71.4545
71.8182 71.9091 72.0000
72.5455 74.0909 73.9091
74.1818 74.5455 74.4545
74.7273 75.0909 75.0909
76.0000 75.5455 75.8182
76.0000 76.0000 76.0909
76.1818 76.2727 76.9091
76.5455 76.9091 76.4545
76.6364 76.2727 76.7273
76.7273 76.6364 76.6364
76.9091 76.9091 76.8182
76.8182 76.8182 76.6364
76.5455 76.8182 76.7273
76.4545 76.5455 76.5455
76.7273 76.7273 76.1818
76.1818 76.6364 76.4545
76.3636 76.1818 76.0909
76.0000 75.9091 75.9091
76.0000 76.1818 75.8182
75.7273 76.0909 75.7273
76.0000 75.9091 75.7273
75.9091 75.9091 75.7273
75.8182 75.4545 75.9091
75.7273 75.5455 75.5455
75.5455 75.7273 75.5455
75.7273 75.5455 75.4545
75.6364 75.3636 75.4545
75.6364 75.4545 75.7273
75.4545 75.3636 75.2727
75.6364 75.5455 75.6364
75.3636 75.5455 75.4545
75.1818 75.5455 75.2727
75.3636 75.4545 75.3636
75.3636 75.6364 75.5455
75.5455 75.1818 75.4545
75.2727 75.4545 75.2727
75.3636 75.2727 75.0909
75.3636 75.0909 75.2727
75.1818 75.0000 75.0000
75.1818 75.2727 74.9091
75.1818 75.1818 75.0000
75.0909 74.8182 74.8182
74.8182 74.7273 74.7273
74.8182 74.7273 74.7273
74.5455 74.5455 74.4545
74.7273 74.6364 74.7273
74.7273 74.6364 74.7273
74.7273 74.6364 74.8182
74.7273 74.5455 74.5455
74.7273 74.7273 74.3636
74.8182 74.5455 74.4545
74.7273 74.4545 74.6364
74.0909 74.0000 74.3636
74.2727 74.2727 74.0909
74.1818 74.1818 73.6364
73.7273 73.5455 73.4545
73.2727 73.4545 73.3636
73.1818 73.0909 73.0909
73.0909 73.0909 72.9091
72.7273 72.6364 72.6364
72.3636 72.3636 72.1818
72.1818 72.0909 72.0909
72.0000 72.0000 71.6364
71.9091 71.6364 71.3636
71.6364 71.6364 71.2727
71.4545 71.2727 71.1818
71.3636 71.2727 70.9091
71.2727 71.0000 71.0000
70.8182 71.0000 70.9091
70.9091 70.8182 70.9091
70.8182 71.0000 71.0000
70.9091 70.9091 70.8182
70.4545 70.9091 70.7273
70.7273 70.9091 70.7273
70.5455 70.4545 70.5455
70.5455 70.7273 70.5455
70.8182 70.2727 70.2727
70.2727 70.5455 70.2727
70.4545 70.3636 70.1818
70.3636 70.3636 70.3636
70.3636 70.2727 70.4545
70.4545 70.4545 70.0909
70.2727 70.3636 70.1818
70.2727 70.2727 70.2727
70.1818 70.1818 70.1818
70.2727 69.9091 70.0000
70.1818 70.0909 70.0000
69.9091 70.0000 69.6364
69.8182 69.8182 69.8182
69.6364 69.0909 69.3636
69.1818 69.4545 69.2727
69.4545 69.2727 69.3636
69.6364 69.6364 69.8182
69.7273 69.5455 69.7273
69.6364 69.4545 69.3636
69.2727 69.0909 69.0909
69.3636 69.3636 69.4545
69.4545 70.0000 69.8182
70.1818 69.9091 69.6364
69.9091 70.0909 70.3636
70.0909 70.2727 70.1818
70.2727 70.2727 70.1818
70.4545 70.1818 70.2727
70.2727 70.2727 70.5455
70.4545 70.5455 70.7273
70.6364 71.0000 71.0909
71.3636 71.3636 71.2727
71.7273 71.3636 71.5455
71.6364 71.6364 71.9091
72.0000 71.9091 71.9091
72.2727 72.0909 72.3636
72.2727 72.6364 72.5455
72.3636 72.4545 72.5455
72.6364 73.2727 73.3636
73.1818 73.4545 73.2727
73.1818 73.6364 73.5455
73.6364 73.8182 73.6364
73.8182 73.7273 73.9091
74.0000 73.7273 73.8182
73.8182 74.0000 73.9091
73.9091 74.0909 73.8182
73.6364 74.0000 73.9091
74.0909 74.3636 74.0909
74.0909 74.1818 74.0909
73.9091 74.0000 73.9091
73.8182 74.0000 74.1818
74.0000 74.1818 73.6364
73.9091 73.9091 74.0909
74.1818 74.1818 74.0000
74.0909 74.0000 73.7273
73.9091 73.7273 73.8182
73.8182 73.6364 73.6364
73.2727 73.0909 73.0909
73.1818 73.0909 72.8182
72.9091 72.7273 72.3636
72.2727 72.1818 72.0909
72.2727 72.0909 71.9091
71.8182 71.2727 71.2727
71.1818 71.0000 71.1818
70.7273 71.0000 71.0909
70.0909 69.9091 70.2727
70.0909 70.0000 70.0000
70.0000 70.0000 69.6364
69.4545 69.5455 69.4545
69.2727 69.2727 69.1818
69.1818 69.0909 69.3636
69.3636 69.5455 69.2727
69.2727 69.1818 69.2727
69.0909 68.8182 68.8182
68.6364 68.8182 68.7273
68.8182 69.0000 68.3636
68.1818 68.3636 68.3636
68.0909 68.2727 68.0909
68.0909 67.9091 68.0909
67.6364 67.9091 68.0909
68.0000 67.8182 68.0000
68.0909 68.1818 68.1818
68.1818 68.0000 68.2727
68.0909 68.1818 68.6364
68.6364 68.8182 68.4545
68.8182 68.7273 68.6364
69.0000 68.9091 69.2727
69.1818 69.3636 69.0909
69.2727 69.0909 69.2727
69.6364 69.4545 69.4545
69.6364 69.8182 69.5455
70.0000 69.7273 69.6364
69.5455 69.9091 69.5455
69.7273 69.8182 69.4545
69.4545 69.5455 69.3636
69.2727 69.7273 69.6364
69.4545 69.6364 69.6364
69.6364 69.5455 69.5455
69.5455 69.6364 69.6364
69.6364 69.4545 69.5455
69.3636 69.6364 69.4545
69.1818 69.2727 69.5455
69.5455 69.7273 69.7273
69.7273 69.6364 69.8182
69.8182 70.0909 70.0000
70.2727 70.0000 70.0000
70.2727 69.9091 70.0909
69.8182 70.0909 70.6364
70.7273 70.5455 70.6364
70.6364 70.9091 70.9091
70.8182 71.0909 70.9091
70.9091 71.1818 71.2727
71.2727 71.0909 71.4545
71.6364 71.5455 71.7273
71.5455 71.9091 71.6364
71.5455 72.0000 71.7273
71.7273 71.8182 71.7273
71.7273 71.8182 71.7273
71.9091 72.1818 72.0909
72.3636 72.1818 72.1818
72.5455 72.6364 72.6364
73.3636 73.5455 73.7273
73.9091 74.0000 73.9091
74.2727 74.1818 74.8182
75.0909 74.7273 74.9091
75.0909 75.0000 75.0909
75.2727 75.3636 75.3636
75.6364 75.6364 75.5455
75.9091 75.8182 76.0000
76.1818 76.0000 76.1818
76.2727 76.4545 76.4545
76.1818 76.2727 76.1818
76.1818 75.9091 75.9091
76.0000 75.8182 76.0000
75.8182 75.9091 75.9091
76.1818 76.0909 75.8182
75.9091 75.8182 75.9091
75.8182 75.3636 75.5455
75.5455 75.7273 76.0000
75.5455 75.7273 75.8182
75.5455 75.0909 75.5455
75.4545 75.4545 75.2727
75.3636 74.9091 74.8182
74.9091 74.6364 74.7273
74.9091 74.7273 74.3636
74.3636 74.2727 74.1818
74.1818 74.0909 74.0909
74.0000 74.0909 73.1818
73.0909 73.0909 72.8182
72.8182 72.7273 72.8182
72.5455 72.1818 72.4545
72.0000 72.2727 72.3636
72.3636 72.2727 71.9091
72.0909 71.7273 72.0000
71.9091 71.8182 71.9091
71.9091 71.8182 71.8182
71.6364 71.7273 71.5455
71.7273 71.7273 71.3636
71.3636 70.9091 70.9091
70.7273 70.6364 70.8182
70.6364 70.7273 70.4545
70.0909 70.2727 70.1818
70.0909 70.1818 70.0000
70.0000 70.0000 69.5455
69.5455 69.6364 69.5455
69.4545 69.5455 69.3636
69.8182 68.6364 68.9091
68.8182 68.8182 68.7273
68.5455 68.5455 68.3636
68.2727 68.4545 68.4545
68.3636 68.5455 68.2727
68.4545 68.3636 68.8182
68.8182 68.8182 68.7273
69.0000 68.6364 68.9091
68.9091 68.9091 69.0000
68.8182 69.0000 69.1818
69.0909 69.1818 69.2727
69.3636 69.4545 69.4545
69.1818 69.5455 69.5455
69.4545 69.6364 70.0909
70.0909 69.9091 69.6364
69.9091 70.0909 69.9091
69.8182 69.7273 69.6364
69.6364 69.7273 69.6364
69.7273 69.5455 69.9091
69.7273 69.7273 69.8182
69.6364 70.0000 69.7273
69.9091 69.8182 69.6364
69.8182 69.7273 69.7273
69.5455 69.8182 69.7273
69.6364 69.9091 69.8182
69.8182 69.5455 69.6364
69.8182 69.5455 69.7273
69.3636 69.2727 69.0000
69.0000 69.0909 69.0909
68.9091 69.0909 68.3636
68.0909 67.9091 67.7273
67.8182 67.6364 67.6364
67.2727 66.2727 66.2727
66.1818 66.2727 65.9091
65.6364 65.4545 65.0000
62.6364 61.8182 61.5455
61.4545 61.2727 60.8182
60.4545 59.8182 56.2727
56.0909 55.7273 55.2727
54.8182 54.0909 53.7273
53.3636 49.9091 49.4545
49.1818 48.6364 48.3636
47.9091 47.7273 47.2727
45.2727 45.1818 45.1818
44.8182 44.7273 44.6364
44.7273 44.3636 43.5455
43.4545 43.3636 43.4545
43.2727 43.4545 43.3636
43.3636 45.3636 45.9091
46.3636 46.5455 47.0909
47.0909 47.5455 47.8182
52.2727 53.0909 53.4545
55.0000 55.4545 56.0909
56.5455 57.1818 61.5455
61.8182 62.1818 62.3636
62.5455 63.0909 63.5455
64.0909 67.6364 68.1818
68.6364 69.1818 69.0909
69.2727 69.4545 69.3636
71.2727 71.6364 71.6364
71.8182 72.0000 72.0909
72.4545 72.5455 72.4545
72.4545 72.3636 72.3636
72.3636 72.3636 72.3636
72.2727 71.7273 71.6364
71.5455 71.4545 71.2727
71.3636 71.0909 70.9091
69.6364 69.6364 69.9091
69.2727 69.1818 68.8182
68.6364 68.2727 66.2727
66.0000 65.8182 65.3636
65.0909 64.6364 64.5455
64.1818 61.6364 61.4545
61.0909 61.0000 60.0909
59.9091 59.7273 59.3636
56.7273 56.7273 56.1818
55.9091 55.5455 55.3636
55.0909 54.8182 53.2727
53.4545 53.1818 53.0909
52.9091 53.0909 52.9091
52.5455 52.4545 52.4545
52.6364 52.5455 52.6364
52.7273 52.8182 52.7273
53.4545 53.6364 53.7273
54.0909 54.0909 54.6364
54.8182 55.4545 60.4545
61.0000 61.2727 61.6364
62.0000 62.3636 62.8182
63.0000 65.7273 65.9091
65.8182 66.4545 66.5455
66.7273 67.2727 67.3636
69.0909 69.1818 69.5455
69.6364 69.6364 69.7273
69.9091 70.0909 70.5455
70.4545 70.5455 70.2727
70.5455 70.3636 70.4545
70.5455 69.6364 69.0909
69.2727 69.0000 68.6364
68.4545 68.3636 68.0000
66.1818 66.0000 65.8182
65.7273 65.3636 64.8182
65.0000 64.5455 62.2727
61.5455 61.7273 61.3636
61.2727 61.0000 60.8182
60.3636 58.0000 57.7273
57.7273 57.5455 57.0000
56.7273 56.4545 56.4545
53.7273 53.8182 53.6364
53.4545 53.3636 53.0000
53.0909 53.2727 52.1818
52.0909 51.8182 52.1818
52.2727 51.9091 52.0000
52.2727 53.6364 53.9091
54.0000 54.6364 54.8182
55.2727 55.3636 56.0000
59.3636 59.8182 60.0909
60.8182 61.3636 62.5455
62.9091 63.3636 66.8182
66.8182 67.5455 67.3636
67.8182 67.8182 68.1818
68.1818 70.6364 70.6364
70.5455 70.5455 70.8182
70.7273 70.9091 71.0000
71.6364 71.6364 71.7273
71.8182 71.7273 71.8182
71.6364 71.7273 71.5455
71.4545 71.5455 71.2727
71.0909 71.0909 70.8182
70.8182 69.9091 69.6364
69.5455 69.3636 69.0000
69.0909 69.0000 68.7273
67.0000 67.1818 66.7273
66.4545 66.5455 66.0909
66.0909 66.0909 64.7273
64.2727 64.6364 64.5455
64.2727 64.0909 64.0000
63.8182 62.2727 62.0909
62.3636 61.6364 61.7273
61.7273 61.6364 61.2727
60.0000 59.8182 59.8182
59.6364 59.5455 59.2727
59.5455 59.0909 59.6364
59.7273 59.6364 59.9091
59.8182 60.0909 60.3636
60.2727 61.5455 62.0909
62.4545 62.3636 62.8182
63.0909 63.4545 63.6364
65.7273 66.0909 66.0909
66.6364 66.7273 66.9091
67.1818 67.3636 69.0000
69.1818 69.4545 69.6364
69.7273 69.9091 70.0000
70.2727 71.2727 71.0000
70.9091 70.8182 71.0000
71.0909 71.2727 71.0000
70.8182 71.0000 70.6364
70.6364 70.8182 71.0000
70.7273 70.9091 70.4545
70.1818 70.1818 70.0909
69.8182 69.9091 69.8182
69.7273 68.7273 68.6364
68.5455 68.7273 68.5455
68.3636 68.3636 68.2727
68.3636 68.2727 68.2727
68.1818 68.1818 68.3636
68.1818 68.4545 68.4545
68.5455 68.6364 68.9091
68.6364 68.7273 69.0909
68.6364 68.9091 69.0000
69.0909 69.1818 69.2727
69.2727 69.3636 69.0909
69.0909 69.2727 69.0000
69.1818 69.3636 69.0909
69.1818 69.2727 69.1818
69.1818 69.0909 69.0909
69.3636 69.1818 69.2727
69.2727 69.2727 69.4545
69.2727 69.4545 69.0909
69.0909 69.0909 68.9091
69.1818 69.1818 69.2727
69.1818 69.1818 69.4545
69.1818 69.2727 69.0000
68.9091 69.3636 69.1818
69.0000 69.1818 69.1818
68.7273 69.0000 69.0909
69.0909 69.0000 69.0909
69.0000 69.0000 69.1818
69.1818 69.0000 69.0909
69.0909 69.0000 69.1818
68.9091 69.1818 69.0909
69.0000 69.1818 69.0909
69.1818 68.9091 69.1818
69.0000 69.0000 69.0000
69.0000 69.1818 68.8182
69.0909 69.1818 68.8182
68.7273 68.8182 68.8182
68.7273 68.6364 68.6364
68.7273 68.5455 68.0000
67.8182 67.7273 67.5455
67.3636 67.2727 67.2727
67.0000 65.8182 65.5455
65.7273 65.4545 65.2727
64.9091 64.6364 64.6364
